Input matrix: 
      76       32       80       31       77       81        6       49       43       58       71       29       18        1       31       14
      32       49       22       75       77       31       83       26       36       43       26       20       56       79       41       67
      80       22       45       29       17       42       99       16       71       72       62      100       95       61       61        1
      31       75       29       17        1       90       65       33       59       95       90       77       32       25        4       45
      77       77       17        1       56       53       81       18       16       24        1       73       24       46        3       42
      81       31       42       90       53       82       96       27       74       12       63       43       78       91       97       37
       6       83       99       65       81       96       98       53       59       89       93       71       98       14       62       17
      49       26       16       33       18       27       53       43       21        9       34       86       46       58       72       68
      43       36       71       59       16       74       59       21       70       62       16       42       47      100       92       63
      58       43       72       95       24       12       89        9       62       78       31       51       33       73       50       87
      71       26       62       90        1       63       93       34       16       31       16        5       69        4       65       21
      29       20      100       77       73       43       71       86       42       51        5       77       53       68       77       50
      18       56       95       32       24       78       98       46       47       33       69       53       85       11       62       56
       1       79       61       25       46       91       14       58      100       73        4       68       11       35       85       47
      31       41       61        4        3       97       62       72       92       50       65       77       62       85       67       54
      14       67        1       45       42       37       17       68       63       87       21       50       56       47       54        2
Input matrix in wolphram format:
{{76, 32, 80, 31, 77, 81, 6, 49, 43, 58, 71, 29, 18, 1, 31, 14}, {32, 49, 22, 75, 77, 31, 83, 26, 36, 43, 26, 20, 56, 79, 41, 67}, {80, 22, 45, 29, 17, 42, 99, 16, 71, 72, 62, 100, 95, 61, 61, 1}, {31, 75, 29, 17, 1, 90, 65, 33, 59, 95, 90, 77, 32, 25, 4, 45}, {77, 77, 17
, 1, 56, 53, 81, 18, 16, 24, 1, 73, 24, 46, 3, 42}, {81, 31, 42, 90, 53, 82, 96, 27, 74, 12, 63, 43, 78, 91, 97, 37}, {6, 83, 99, 65, 81, 96, 98, 53, 59, 89, 93, 71, 98, 14, 62, 17}, {49, 26, 16, 33, 18, 27, 53, 43, 21, 9, 34, 86, 46, 58, 72, 68}, {43, 36, 71, 59, 16, 74,
 59, 21, 70, 62, 16, 42, 47, 100, 92, 63}, {58, 43, 72, 95, 24, 12, 89, 9, 62, 78, 31, 51, 33, 73, 50, 87}, {71, 26, 62, 90, 1, 63, 93, 34, 16, 31, 16, 5, 69, 4, 65, 21}, {29, 20, 100, 77, 73, 43, 71, 86, 42, 51, 5, 77, 53, 68, 77, 50}, {18, 56, 95, 32, 24, 78, 98, 46, 47
, 33, 69, 53, 85, 11, 62, 56}, {1, 79, 61, 25, 46, 91, 14, 58, 100, 73, 4, 68, 11, 35, 85, 47}, {31, 41, 61, 4, 3, 97, 62, 72, 92, 50, 65, 77, 62, 85, 67, 54}, {14, 67, 1, 45, 42, 37, 17, 68, 63, 87, 21, 50, 56, 47, 54, 2}, }

Output 3d matrix: 
 0.00000  0.00000  0.00000  0.00000  0.00000  0.00000  0.00000  0.00000
 0.00000  683.038  347.351  0.00000  0.00000  0.00000  0.00000  0.00000
 0.00000  347.351  32.0150  115.562  0.00000  0.00000  0.00000  0.00000
 0.00000  0.00000  115.562  14.8820  83.4210  0.00000  0.00000  0.00000
 0.00000  0.00000  0.00000  83.4210  12.7580  125.044  0.00000  0.00000
 0.00000  0.00000  0.00000  0.00000  125.044 -35.1020  55.6000  0.00000
 0.00000  0.00000  0.00000  0.00000  0.00000  55.6000 -30.0510  72.7610
 0.00000  0.00000  0.00000  0.00000  0.00000  0.00000  72.7610 -20.5730

Lanczos eigenvalues: 
 836.199 -198.135  162.765 -151.002 -86.8380  66.3190  27.6580  0.00000
Lanczos eigenvectors: 
 1.00800  1.12900  1.37000  1.17700  0.91400  1.52100  1.66700  0.98800  1.34800  1.31000  1.04500  1.39300  1.34300  1.21900  1.42500  1.00000
 1.38700 -1.38500 -0.29300  1.88700 -0.19000 -1.60200  1.54100 -0.94800 -0.86300 -1.52000 -1.28200 -0.79000  0.47200  1.70300  0.84900  1.00000
-0.69400  0.19300 -0.67100 -0.38500 -0.05000 -0.27300 -1.43300  0.59000  1.14800  0.39000 -1.47600  0.57800 -1.18400  1.81000  0.83200  1.00000
 1.67500  0.31200 -2.33300 -2.80900 -2.48800  0.11600  1.72600 -1.38300  0.33500 -0.16700  1.33900  2.20300  0.06200  1.40300 -1.71800  1.00000
 0.27000  1.46600  1.07500  0.12900 -1.04300  0.62300  0.17900 -0.60200 -0.75200 -0.62900 -1.24100  0.62700 -0.88900 -1.15700  0.43200  1.00000
 0.23800  0.02400 -0.72900  0.38500 -0.23800 -0.43900 -0.20300  1.45400 -0.74400  0.20100  0.42800  0.08700  0.01700 -0.56900 -0.06300  1.00000
 2.31900  2.64000  1.22500 -2.23700 -0.86700 -2.48400 -3.23600 -0.79200  0.73000 -0.05100  0.39300 -2.47600  4.12500  0.09500  1.29500  1.00000
 0.00000  0.00000  0.00000  0.00000  0.00000  0.00000  0.00000  0.00000  0.00000  0.00000  0.00000  0.00000  0.00000  0.00000  0.00000  0.00000

QR eigenvalues: 
 836.199 -198.197  162.885 -152.407  129.177  111.663 -109.684  105.533  91.5580 -82.1660  66.7310 -53.1730  33.7470 -31.0730 -16.1040  1.31100
QR eigenvectors: 
 1.00800  1.12900  1.37000  1.17700  0.91400  1.52100  1.66700  0.98800  1.34800  1.31000  1.04500  1.39300  1.34300  1.21900  1.42500  1.00000
 1.47800 -1.43300 -0.36100  2.01600 -0.19400 -1.72900  1.61400 -1.02700 -0.92300 -1.60200 -1.34600 -0.78400  0.53100  1.82100  0.90600  1.00000
-0.69800  0.27500 -0.69700 -0.35300  0.04400 -0.32800 -1.41100  0.58400  1.08300  0.41000 -1.50100  0.63600 -1.19200  1.80100  0.76400  1.00000
 4.09700  1.19000 -6.57200 -6.27700 -5.62800 -0.32700  3.65600 -3.54000  0.79800 -0.09600  3.38700  5.99300  0.86400  3.61100 -3.81800  1.00000
 1.40200  2.97200 -1.28200  1.05900  4.21800 -1.30200  0.73300 -0.55800 -1.67700  1.75500 -0.97200  0.28200 -1.62800 -0.34400 -3.23700  1.00000
-3.55900  0.96300 -0.05000  1.81900 -2.46400 -1.97700  1.47600 -1.37400  0.59500  3.03400  0.21500 -0.80200  0.75200 -0.22100 -0.73200  1.00000
-0.04300  0.13800  0.70400 -0.26300 -0.34700  0.35500  0.24000 -0.12500 -0.21800 -0.36600 -0.09800 -0.04600 -0.57300 -0.20800 -0.21600  1.00000
-12.3770  1.76700  0.11700 -6.26900  5.01700 -5.86600  7.03900  8.71800 -7.70400 -8.07900 -4.80100  10.8790  8.60100 -1.54200  1.30000  1.00000
-2.95400  4.30100 -5.06800  0.40500  1.05000  4.82700  1.17500 -0.88900  0.63300 -3.98400  0.74200 -5.01900  1.39400  1.24200  0.98300  1.00000
-1.14900 -1.43400  0.38400 -0.18100  1.60700 -0.85100 -0.70000 -0.33600  0.25400 -0.55200  2.94900 -0.26800 -0.13700  1.47600 -0.81000  1.00000
 0.45100  0.00000 -1.09800  0.99600 -0.83000 -0.19300 -0.69100  1.76200 -0.88800  0.06800  0.91500  0.11100 -0.08700 -0.61400  0.14100  1.00000
-0.03700  1.53600 -0.90700  1.04000  0.97400 -1.71500 -1.26700 -3.77600  1.13500 -1.59100  1.42800  2.73700 -0.94100 -3.44000  3.92400  1.00000
 0.91100  0.77800  0.37500 -1.52500  0.11500 -1.26600 -0.68100  0.14000  0.28200  0.36600 -0.06900 -1.36000  1.56300 -0.27300  0.45000  1.00000
-2.29200  0.14200  1.33400 -2.60800 -0.15800  8.98200 -8.94800 -10.7720 -23.6390  10.3530  0.66900  2.45800  5.03000  7.89300  8.57900  1.00000
-0.13500 -1.76200 -1.04800 -0.54100  0.77900  0.69600  0.67500 -0.13300  0.32300  0.97100 -0.50300 -0.14600  0.15900 -0.97700  0.30300  1.00000
 0.01800 -0.38400  0.17600  1.41900 -0.12700  1.02700 -2.06600 -0.89400  0.83100 -0.81200 -1.10700  1.19900  2.51000 -0.35000 -2.19400  1.00000

