34.0 67.0
33.339999999999996 66.67 34.0
55.56 77.78 34.0
70.37333333333333 85.18666666666667 34.0
80.24888888888889 90.12444444444445 34.0
86.83259259259258 93.4162962962963 34.0
91.2217283950617 95.61086419753086 34.0
94.14781893004113 97.07390946502056 34.0
96.09854595336076 98.04927297668037 34.0
97.39903063557385 98.69951531778692 34.0
98.26602042371591 99.13301021185795 34.0
98.84401361581062 99.4220068079053 34.0
99.22934241054043 99.61467120527021 34.0
99.48622827369361 99.74311413684681 34.0
99.65748551579573 99.82874275789787 34.0
99.77165701053048 99.88582850526524 34.0
99.84777134035365 99.92388567017683 34.0
99.89851422690242 99.94925711345121 34.0
99.93234281793495 99.96617140896747 34.0
99.95489521195664 99.97744760597833 34.0
99.96993014130442 99.98496507065221 34.0
99.97995342753627 99.98997671376814 34.0
99.98663561835751 99.99331780917875 34.0
99.99109041223835 99.99554520611917 34.0
99.99406027482557 99.99703013741278 34.0
99.99604018321706 99.99802009160852 34.0
99.99736012214471 99.99868006107236 34.0
99.9982400814298 99.9991200407149 34.0
99.9988267209532 99.9994133604766 34.0
99.99921781396881 99.9996089069844 34.0
33.339999999999996 66.67 67.0
55.56 77.78 67.0
70.37333333333333 85.18666666666667 67.0
80.24888888888889 90.12444444444445 67.0
86.83259259259258 93.4162962962963 67.0
91.2217283950617 95.61086419753086 67.0
94.14781893004113 97.07390946502056 67.0
96.09854595336076 98.04927297668037 67.0
97.39903063557385 98.69951531778692 67.0
98.26602042371591 99.13301021185795 67.0
98.84401361581062 99.4220068079053 67.0
99.22934241054043 99.61467120527021 67.0
99.48622827369361 99.74311413684681 67.0
99.65748551579573 99.82874275789787 67.0
99.77165701053048 99.88582850526524 67.0
99.84777134035365 99.92388567017683 67.0
99.89851422690242 99.94925711345121 67.0
99.93234281793495 99.96617140896747 67.0
99.95489521195664 99.97744760597833 67.0
99.96993014130442 99.98496507065221 67.0
99.97995342753627 99.98997671376814 67.0
99.98663561835751 99.99331780917875 67.0
99.99109041223835 99.99554520611917 67.0
99.99406027482557 99.99703013741278 67.0
99.99604018321706 99.99802009160852 67.0
99.99736012214471 99.99868006107236 67.0
99.9982400814298 99.9991200407149 67.0
99.9988267209532 99.9994133604766 67.0
99.99921781396881 99.9996089069844 67.0
56.0 78.0
33.339999999999996 66.67 56.0
55.56 77.78 56.0
70.37333333333333 85.18666666666667 56.0
80.24888888888889 90.12444444444445 56.0
86.83259259259258 93.4162962962963 56.0
91.2217283950617 95.61086419753086 56.0
94.14781893004113 97.07390946502056 56.0
96.09854595336076 98.04927297668037 56.0
97.39903063557385 98.69951531778692 56.0
98.26602042371591 99.13301021185795 56.0
98.84401361581062 99.4220068079053 56.0
99.22934241054043 99.61467120527021 56.0
99.48622827369361 99.74311413684681 56.0
99.65748551579573 99.82874275789787 56.0
99.77165701053048 99.88582850526524 56.0
99.84777134035365 99.92388567017683 56.0
99.89851422690242 99.94925711345121 56.0
99.93234281793495 99.96617140896747 56.0
99.95489521195664 99.97744760597833 56.0
99.96993014130442 99.98496507065221 56.0
99.97995342753627 99.98997671376814 56.0
99.98663561835751 99.99331780917875 56.0
99.99109041223835 99.99554520611917 56.0
99.99406027482557 99.99703013741278 56.0
99.99604018321706 99.99802009160852 56.0
99.99736012214471 99.99868006107236 56.0
99.9982400814298 99.9991200407149 56.0
99.9988267209532 99.9994133604766 56.0
99.99921781396881 99.9996089069844 56.0
33.339999999999996 66.67 78.0
55.56 77.78 78.0
70.37333333333333 85.18666666666667 78.0
80.24888888888889 90.12444444444445 78.0
86.83259259259258 93.4162962962963 78.0
91.2217283950617 95.61086419753086 78.0
94.14781893004113 97.07390946502056 78.0
96.09854595336076 98.04927297668037 78.0
97.39903063557385 98.69951531778692 78.0
98.26602042371591 99.13301021185795 78.0
98.84401361581062 99.4220068079053 78.0
99.22934241054043 99.61467120527021 78.0
99.48622827369361 99.74311413684681 78.0
99.65748551579573 99.82874275789787 78.0
99.77165701053048 99.88582850526524 78.0
99.84777134035365 99.92388567017683 78.0
99.89851422690242 99.94925711345121 78.0
99.93234281793495 99.96617140896747 78.0
99.95489521195664 99.97744760597833 78.0
99.96993014130442 99.98496507065221 78.0
99.97995342753627 99.98997671376814 78.0
99.98663561835751 99.99331780917875 78.0
99.99109041223835 99.99554520611917 78.0
99.99406027482557 99.99703013741278 78.0
99.99604018321706 99.99802009160852 78.0
99.99736012214471 99.99868006107236 78.0
99.9982400814298 99.9991200407149 78.0
99.9988267209532 99.9994133604766 78.0
99.99921781396881 99.9996089069844 78.0
70.66666666666667 85.33333333333333
33.339999999999996 66.67 70.66666666666667
55.56 77.78 70.66666666666667
70.37333333333333 85.18666666666667 70.66666666666667
80.24888888888889 90.12444444444445 70.66666666666667
86.83259259259258 93.4162962962963 70.66666666666667
91.2217283950617 95.61086419753086 70.66666666666667
94.14781893004113 97.07390946502056 70.66666666666667
96.09854595336076 98.04927297668037 70.66666666666667
97.39903063557385 98.69951531778692 70.66666666666667
98.26602042371591 99.13301021185795 70.66666666666667
98.84401361581062 99.4220068079053 70.66666666666667
99.22934241054043 99.61467120527021 70.66666666666667
99.48622827369361 99.74311413684681 70.66666666666667
99.65748551579573 99.82874275789787 70.66666666666667
99.77165701053048 99.88582850526524 70.66666666666667
99.84777134035365 99.92388567017683 70.66666666666667
99.89851422690242 99.94925711345121 70.66666666666667
99.93234281793495 99.96617140896747 70.66666666666667
99.95489521195664 99.97744760597833 70.66666666666667
99.96993014130442 99.98496507065221 70.66666666666667
99.97995342753627 99.98997671376814 70.66666666666667
99.98663561835751 99.99331780917875 70.66666666666667
99.99109041223835 99.99554520611917 70.66666666666667
99.99406027482557 99.99703013741278 70.66666666666667
99.99604018321706 99.99802009160852 70.66666666666667
99.99736012214471 99.99868006107236 70.66666666666667
99.9982400814298 99.9991200407149 70.66666666666667
99.9988267209532 99.9994133604766 70.66666666666667
99.99921781396881 99.9996089069844 70.66666666666667
33.339999999999996 66.67 85.33333333333333
55.56 77.78 85.33333333333333
70.37333333333333 85.18666666666667 85.33333333333333
80.24888888888889 90.12444444444445 85.33333333333333
86.83259259259258 93.4162962962963 85.33333333333333
91.2217283950617 95.61086419753086 85.33333333333333
94.14781893004113 97.07390946502056 85.33333333333333
96.09854595336076 98.04927297668037 85.33333333333333
97.39903063557385 98.69951531778692 85.33333333333333
98.26602042371591 99.13301021185795 85.33333333333333
98.84401361581062 99.4220068079053 85.33333333333333
99.22934241054043 99.61467120527021 85.33333333333333
99.48622827369361 99.74311413684681 85.33333333333333
99.65748551579573 99.82874275789787 85.33333333333333
99.77165701053048 99.88582850526524 85.33333333333333
99.84777134035365 99.92388567017683 85.33333333333333
99.89851422690242 99.94925711345121 85.33333333333333
99.93234281793495 99.96617140896747 85.33333333333333
99.95489521195664 99.97744760597833 85.33333333333333
99.96993014130442 99.98496507065221 85.33333333333333
99.97995342753627 99.98997671376814 85.33333333333333
99.98663561835751 99.99331780917875 85.33333333333333
99.99109041223835 99.99554520611917 85.33333333333333
99.99406027482557 99.99703013741278 85.33333333333333
99.99604018321706 99.99802009160852 85.33333333333333
99.99736012214471 99.99868006107236 85.33333333333333
99.9982400814298 99.9991200407149 85.33333333333333
99.9988267209532 99.9994133604766 85.33333333333333
99.99921781396881 99.9996089069844 85.33333333333333
80.44444444444444 90.22222222222223
33.339999999999996 66.67 80.44444444444444
55.56 77.78 80.44444444444444
70.37333333333333 85.18666666666667 80.44444444444444
80.24888888888889 90.12444444444445 80.44444444444444
86.83259259259258 93.4162962962963 80.44444444444444
91.2217283950617 95.61086419753086 80.44444444444444
94.14781893004113 97.07390946502056 80.44444444444444
96.09854595336076 98.04927297668037 80.44444444444444
97.39903063557385 98.69951531778692 80.44444444444444
98.26602042371591 99.13301021185795 80.44444444444444
98.84401361581062 99.4220068079053 80.44444444444444
99.22934241054043 99.61467120527021 80.44444444444444
99.48622827369361 99.74311413684681 80.44444444444444
99.65748551579573 99.82874275789787 80.44444444444444
99.77165701053048 99.88582850526524 80.44444444444444
99.84777134035365 99.92388567017683 80.44444444444444
99.89851422690242 99.94925711345121 80.44444444444444
99.93234281793495 99.96617140896747 80.44444444444444
99.95489521195664 99.97744760597833 80.44444444444444
99.96993014130442 99.98496507065221 80.44444444444444
99.97995342753627 99.98997671376814 80.44444444444444
99.98663561835751 99.99331780917875 80.44444444444444
99.99109041223835 99.99554520611917 80.44444444444444
99.99406027482557 99.99703013741278 80.44444444444444
99.99604018321706 99.99802009160852 80.44444444444444
99.99736012214471 99.99868006107236 80.44444444444444
99.9982400814298 99.9991200407149 80.44444444444444
99.9988267209532 99.9994133604766 80.44444444444444
99.99921781396881 99.9996089069844 80.44444444444444
33.339999999999996 66.67 90.22222222222223
55.56 77.78 90.22222222222223
70.37333333333333 85.18666666666667 90.22222222222223
80.24888888888889 90.12444444444445 90.22222222222223
86.83259259259258 93.4162962962963 90.22222222222223
91.2217283950617 95.61086419753086 90.22222222222223
94.14781893004113 97.07390946502056 90.22222222222223
96.09854595336076 98.04927297668037 90.22222222222223
97.39903063557385 98.69951531778692 90.22222222222223
98.26602042371591 99.13301021185795 90.22222222222223
98.84401361581062 99.4220068079053 90.22222222222223
99.22934241054043 99.61467120527021 90.22222222222223
99.48622827369361 99.74311413684681 90.22222222222223
99.65748551579573 99.82874275789787 90.22222222222223
99.77165701053048 99.88582850526524 90.22222222222223
99.84777134035365 99.92388567017683 90.22222222222223
99.89851422690242 99.94925711345121 90.22222222222223
99.93234281793495 99.96617140896747 90.22222222222223
99.95489521195664 99.97744760597833 90.22222222222223
99.96993014130442 99.98496507065221 90.22222222222223
99.97995342753627 99.98997671376814 90.22222222222223
99.98663561835751 99.99331780917875 90.22222222222223
99.99109041223835 99.99554520611917 90.22222222222223
99.99406027482557 99.99703013741278 90.22222222222223
99.99604018321706 99.99802009160852 90.22222222222223
99.99736012214471 99.99868006107236 90.22222222222223
99.9982400814298 99.9991200407149 90.22222222222223
99.9988267209532 99.9994133604766 90.22222222222223
99.99921781396881 99.9996089069844 90.22222222222223
86.96296296296298 93.48148148148148
33.339999999999996 66.67 86.96296296296298
55.56 77.78 86.96296296296298
70.37333333333333 85.18666666666667 86.96296296296298
80.24888888888889 90.12444444444445 86.96296296296298
86.83259259259258 93.4162962962963 86.96296296296298
91.2217283950617 95.61086419753086 86.96296296296298
94.14781893004113 97.07390946502056 86.96296296296298
96.09854595336076 98.04927297668037 86.96296296296298
97.39903063557385 98.69951531778692 86.96296296296298
98.26602042371591 99.13301021185795 86.96296296296298
98.84401361581062 99.4220068079053 86.96296296296298
99.22934241054043 99.61467120527021 86.96296296296298
99.48622827369361 99.74311413684681 86.96296296296298
99.65748551579573 99.82874275789787 86.96296296296298
99.77165701053048 99.88582850526524 86.96296296296298
99.84777134035365 99.92388567017683 86.96296296296298
99.89851422690242 99.94925711345121 86.96296296296298
99.93234281793495 99.96617140896747 86.96296296296298
99.95489521195664 99.97744760597833 86.96296296296298
99.96993014130442 99.98496507065221 86.96296296296298
99.97995342753627 99.98997671376814 86.96296296296298
99.98663561835751 99.99331780917875 86.96296296296298
99.99109041223835 99.99554520611917 86.96296296296298
99.99406027482557 99.99703013741278 86.96296296296298
99.99604018321706 99.99802009160852 86.96296296296298
99.99736012214471 99.99868006107236 86.96296296296298
99.9982400814298 99.9991200407149 86.96296296296298
99.9988267209532 99.9994133604766 86.96296296296298
99.99921781396881 99.9996089069844 86.96296296296298
33.339999999999996 66.67 93.48148148148148
55.56 77.78 93.48148148148148
70.37333333333333 85.18666666666667 93.48148148148148
80.24888888888889 90.12444444444445 93.48148148148148
86.83259259259258 93.4162962962963 93.48148148148148
91.2217283950617 95.61086419753086 93.48148148148148
94.14781893004113 97.07390946502056 93.48148148148148
96.09854595336076 98.04927297668037 93.48148148148148
97.39903063557385 98.69951531778692 93.48148148148148
98.26602042371591 99.13301021185795 93.48148148148148
98.84401361581062 99.4220068079053 93.48148148148148
99.22934241054043 99.61467120527021 93.48148148148148
99.48622827369361 99.74311413684681 93.48148148148148
99.65748551579573 99.82874275789787 93.48148148148148
99.77165701053048 99.88582850526524 93.48148148148148
99.84777134035365 99.92388567017683 93.48148148148148
99.89851422690242 99.94925711345121 93.48148148148148
99.93234281793495 99.96617140896747 93.48148148148148
99.95489521195664 99.97744760597833 93.48148148148148
99.96993014130442 99.98496507065221 93.48148148148148
99.97995342753627 99.98997671376814 93.48148148148148
99.98663561835751 99.99331780917875 93.48148148148148
99.99109041223835 99.99554520611917 93.48148148148148
99.99406027482557 99.99703013741278 93.48148148148148
99.99604018321706 99.99802009160852 93.48148148148148
99.99736012214471 99.99868006107236 93.48148148148148
99.9982400814298 99.9991200407149 93.48148148148148
99.9988267209532 99.9994133604766 93.48148148148148
99.99921781396881 99.9996089069844 93.48148148148148
91.30864197530866 95.65432098765433
33.339999999999996 66.67 91.30864197530866
55.56 77.78 91.30864197530866
70.37333333333333 85.18666666666667 91.30864197530866
80.24888888888889 90.12444444444445 91.30864197530866
86.83259259259258 93.4162962962963 91.30864197530866
91.2217283950617 95.61086419753086 91.30864197530866
94.14781893004113 97.07390946502056 91.30864197530866
96.09854595336076 98.04927297668037 91.30864197530866
97.39903063557385 98.69951531778692 91.30864197530866
98.26602042371591 99.13301021185795 91.30864197530866
98.84401361581062 99.4220068079053 91.30864197530866
99.22934241054043 99.61467120527021 91.30864197530866
99.48622827369361 99.74311413684681 91.30864197530866
99.65748551579573 99.82874275789787 91.30864197530866
99.77165701053048 99.88582850526524 91.30864197530866
99.84777134035365 99.92388567017683 91.30864197530866
99.89851422690242 99.94925711345121 91.30864197530866
99.93234281793495 99.96617140896747 91.30864197530866
99.95489521195664 99.97744760597833 91.30864197530866
99.96993014130442 99.98496507065221 91.30864197530866
99.97995342753627 99.98997671376814 91.30864197530866
99.98663561835751 99.99331780917875 91.30864197530866
99.99109041223835 99.99554520611917 91.30864197530866
99.99406027482557 99.99703013741278 91.30864197530866
99.99604018321706 99.99802009160852 91.30864197530866
99.99736012214471 99.99868006107236 91.30864197530866
99.9982400814298 99.9991200407149 91.30864197530866
99.9988267209532 99.9994133604766 91.30864197530866
99.99921781396881 99.9996089069844 91.30864197530866
33.339999999999996 66.67 95.65432098765433
55.56 77.78 95.65432098765433
70.37333333333333 85.18666666666667 95.65432098765433
80.24888888888889 90.12444444444445 95.65432098765433
86.83259259259258 93.4162962962963 95.65432098765433
91.2217283950617 95.61086419753086 95.65432098765433
94.14781893004113 97.07390946502056 95.65432098765433
96.09854595336076 98.04927297668037 95.65432098765433
97.39903063557385 98.69951531778692 95.65432098765433
98.26602042371591 99.13301021185795 95.65432098765433
98.84401361581062 99.4220068079053 95.65432098765433
99.22934241054043 99.61467120527021 95.65432098765433
99.48622827369361 99.74311413684681 95.65432098765433
99.65748551579573 99.82874275789787 95.65432098765433
99.77165701053048 99.88582850526524 95.65432098765433
99.84777134035365 99.92388567017683 95.65432098765433
99.89851422690242 99.94925711345121 95.65432098765433
99.93234281793495 99.96617140896747 95.65432098765433
99.95489521195664 99.97744760597833 95.65432098765433
99.96993014130442 99.98496507065221 95.65432098765433
99.97995342753627 99.98997671376814 95.65432098765433
99.98663561835751 99.99331780917875 95.65432098765433
99.99109041223835 99.99554520611917 95.65432098765433
99.99406027482557 99.99703013741278 95.65432098765433
99.99604018321706 99.99802009160852 95.65432098765433
99.99736012214471 99.99868006107236 95.65432098765433
99.9982400814298 99.9991200407149 95.65432098765433
99.9988267209532 99.9994133604766 95.65432098765433
99.99921781396881 99.9996089069844 95.65432098765433
94.20576131687244 97.10288065843622
33.339999999999996 66.67 94.20576131687244
55.56 77.78 94.20576131687244
70.37333333333333 85.18666666666667 94.20576131687244
80.24888888888889 90.12444444444445 94.20576131687244
86.83259259259258 93.4162962962963 94.20576131687244
91.2217283950617 95.61086419753086 94.20576131687244
94.14781893004113 97.07390946502056 94.20576131687244
96.09854595336076 98.04927297668037 94.20576131687244
97.39903063557385 98.69951531778692 94.20576131687244
98.26602042371591 99.13301021185795 94.20576131687244
98.84401361581062 99.4220068079053 94.20576131687244
99.22934241054043 99.61467120527021 94.20576131687244
99.48622827369361 99.74311413684681 94.20576131687244
99.65748551579573 99.82874275789787 94.20576131687244
99.77165701053048 99.88582850526524 94.20576131687244
99.84777134035365 99.92388567017683 94.20576131687244
99.89851422690242 99.94925711345121 94.20576131687244
99.93234281793495 99.96617140896747 94.20576131687244
99.95489521195664 99.97744760597833 94.20576131687244
99.96993014130442 99.98496507065221 94.20576131687244
99.97995342753627 99.98997671376814 94.20576131687244
99.98663561835751 99.99331780917875 94.20576131687244
99.99109041223835 99.99554520611917 94.20576131687244
99.99406027482557 99.99703013741278 94.20576131687244
99.99604018321706 99.99802009160852 94.20576131687244
99.99736012214471 99.99868006107236 94.20576131687244
99.9982400814298 99.9991200407149 94.20576131687244
99.9988267209532 99.9994133604766 94.20576131687244
99.99921781396881 99.9996089069844 94.20576131687244
33.339999999999996 66.67 97.10288065843622
55.56 77.78 97.10288065843622
70.37333333333333 85.18666666666667 97.10288065843622
80.24888888888889 90.12444444444445 97.10288065843622
86.83259259259258 93.4162962962963 97.10288065843622
91.2217283950617 95.61086419753086 97.10288065843622
94.14781893004113 97.07390946502056 97.10288065843622
96.09854595336076 98.04927297668037 97.10288065843622
97.39903063557385 98.69951531778692 97.10288065843622
98.26602042371591 99.13301021185795 97.10288065843622
98.84401361581062 99.4220068079053 97.10288065843622
99.22934241054043 99.61467120527021 97.10288065843622
99.48622827369361 99.74311413684681 97.10288065843622
99.65748551579573 99.82874275789787 97.10288065843622
99.77165701053048 99.88582850526524 97.10288065843622
99.84777134035365 99.92388567017683 97.10288065843622
99.89851422690242 99.94925711345121 97.10288065843622
99.93234281793495 99.96617140896747 97.10288065843622
99.95489521195664 99.97744760597833 97.10288065843622
99.96993014130442 99.98496507065221 97.10288065843622
99.97995342753627 99.98997671376814 97.10288065843622
99.98663561835751 99.99331780917875 97.10288065843622
99.99109041223835 99.99554520611917 97.10288065843622
99.99406027482557 99.99703013741278 97.10288065843622
99.99604018321706 99.99802009160852 97.10288065843622
99.99736012214471 99.99868006107236 97.10288065843622
99.9982400814298 99.9991200407149 97.10288065843622
99.9988267209532 99.9994133604766 97.10288065843622
99.99921781396881 99.9996089069844 97.10288065843622
96.1371742112483 98.06858710562415
33.339999999999996 66.67 96.1371742112483
55.56 77.78 96.1371742112483
70.37333333333333 85.18666666666667 96.1371742112483
80.24888888888889 90.12444444444445 96.1371742112483
86.83259259259258 93.4162962962963 96.1371742112483
91.2217283950617 95.61086419753086 96.1371742112483
94.14781893004113 97.07390946502056 96.1371742112483
96.09854595336076 98.04927297668037 96.1371742112483
97.39903063557385 98.69951531778692 96.1371742112483
98.26602042371591 99.13301021185795 96.1371742112483
98.84401361581062 99.4220068079053 96.1371742112483
99.22934241054043 99.61467120527021 96.1371742112483
99.48622827369361 99.74311413684681 96.1371742112483
99.65748551579573 99.82874275789787 96.1371742112483
99.77165701053048 99.88582850526524 96.1371742112483
99.84777134035365 99.92388567017683 96.1371742112483
99.89851422690242 99.94925711345121 96.1371742112483
99.93234281793495 99.96617140896747 96.1371742112483
99.95489521195664 99.97744760597833 96.1371742112483
99.96993014130442 99.98496507065221 96.1371742112483
99.97995342753627 99.98997671376814 96.1371742112483
99.98663561835751 99.99331780917875 96.1371742112483
99.99109041223835 99.99554520611917 96.1371742112483
99.99406027482557 99.99703013741278 96.1371742112483
99.99604018321706 99.99802009160852 96.1371742112483
99.99736012214471 99.99868006107236 96.1371742112483
99.9982400814298 99.9991200407149 96.1371742112483
99.9988267209532 99.9994133604766 96.1371742112483
99.99921781396881 99.9996089069844 96.1371742112483
33.339999999999996 66.67 98.06858710562415
55.56 77.78 98.06858710562415
70.37333333333333 85.18666666666667 98.06858710562415
80.24888888888889 90.12444444444445 98.06858710562415
86.83259259259258 93.4162962962963 98.06858710562415
91.2217283950617 95.61086419753086 98.06858710562415
94.14781893004113 97.07390946502056 98.06858710562415
96.09854595336076 98.04927297668037 98.06858710562415
97.39903063557385 98.69951531778692 98.06858710562415
98.26602042371591 99.13301021185795 98.06858710562415
98.84401361581062 99.4220068079053 98.06858710562415
99.22934241054043 99.61467120527021 98.06858710562415
99.48622827369361 99.74311413684681 98.06858710562415
99.65748551579573 99.82874275789787 98.06858710562415
99.77165701053048 99.88582850526524 98.06858710562415
99.84777134035365 99.92388567017683 98.06858710562415
99.89851422690242 99.94925711345121 98.06858710562415
99.93234281793495 99.96617140896747 98.06858710562415
99.95489521195664 99.97744760597833 98.06858710562415
99.96993014130442 99.98496507065221 98.06858710562415
99.97995342753627 99.98997671376814 98.06858710562415
99.98663561835751 99.99331780917875 98.06858710562415
99.99109041223835 99.99554520611917 98.06858710562415
99.99406027482557 99.99703013741278 98.06858710562415
99.99604018321706 99.99802009160852 98.06858710562415
99.99736012214471 99.99868006107236 98.06858710562415
99.9982400814298 99.9991200407149 98.06858710562415
99.9988267209532 99.9994133604766 98.06858710562415
99.99921781396881 99.9996089069844 98.06858710562415
97.42478280749886 98.71239140374944
33.339999999999996 66.67 97.42478280749886
55.56 77.78 97.42478280749886
70.37333333333333 85.18666666666667 97.42478280749886
80.24888888888889 90.12444444444445 97.42478280749886
86.83259259259258 93.4162962962963 97.42478280749886
91.2217283950617 95.61086419753086 97.42478280749886
94.14781893004113 97.07390946502056 97.42478280749886
96.09854595336076 98.04927297668037 97.42478280749886
97.39903063557385 98.69951531778692 97.42478280749886
98.26602042371591 99.13301021185795 97.42478280749886
98.84401361581062 99.4220068079053 97.42478280749886
99.22934241054043 99.61467120527021 97.42478280749886
99.48622827369361 99.74311413684681 97.42478280749886
99.65748551579573 99.82874275789787 97.42478280749886
99.77165701053048 99.88582850526524 97.42478280749886
99.84777134035365 99.92388567017683 97.42478280749886
99.89851422690242 99.94925711345121 97.42478280749886
99.93234281793495 99.96617140896747 97.42478280749886
99.95489521195664 99.97744760597833 97.42478280749886
99.96993014130442 99.98496507065221 97.42478280749886
99.97995342753627 99.98997671376814 97.42478280749886
99.98663561835751 99.99331780917875 97.42478280749886
99.99109041223835 99.99554520611917 97.42478280749886
99.99406027482557 99.99703013741278 97.42478280749886
99.99604018321706 99.99802009160852 97.42478280749886
99.99736012214471 99.99868006107236 97.42478280749886
99.9982400814298 99.9991200407149 97.42478280749886
99.9988267209532 99.9994133604766 97.42478280749886
99.99921781396881 99.9996089069844 97.42478280749886
33.339999999999996 66.67 98.71239140374944
55.56 77.78 98.71239140374944
70.37333333333333 85.18666666666667 98.71239140374944
80.24888888888889 90.12444444444445 98.71239140374944
86.83259259259258 93.4162962962963 98.71239140374944
91.2217283950617 95.61086419753086 98.71239140374944
94.14781893004113 97.07390946502056 98.71239140374944
96.09854595336076 98.04927297668037 98.71239140374944
97.39903063557385 98.69951531778692 98.71239140374944
98.26602042371591 99.13301021185795 98.71239140374944
98.84401361581062 99.4220068079053 98.71239140374944
99.22934241054043 99.61467120527021 98.71239140374944
99.48622827369361 99.74311413684681 98.71239140374944
99.65748551579573 99.82874275789787 98.71239140374944
99.77165701053048 99.88582850526524 98.71239140374944
99.84777134035365 99.92388567017683 98.71239140374944
99.89851422690242 99.94925711345121 98.71239140374944
99.93234281793495 99.96617140896747 98.71239140374944
99.95489521195664 99.97744760597833 98.71239140374944
99.96993014130442 99.98496507065221 98.71239140374944
99.97995342753627 99.98997671376814 98.71239140374944
99.98663561835751 99.99331780917875 98.71239140374944
99.99109041223835 99.99554520611917 98.71239140374944
99.99406027482557 99.99703013741278 98.71239140374944
99.99604018321706 99.99802009160852 98.71239140374944
99.99736012214471 99.99868006107236 98.71239140374944
99.9982400814298 99.9991200407149 98.71239140374944
99.9988267209532 99.9994133604766 98.71239140374944
99.99921781396881 99.9996089069844 98.71239140374944
98.28318853833257 99.14159426916628
33.339999999999996 66.67 98.28318853833257
55.56 77.78 98.28318853833257
70.37333333333333 85.18666666666667 98.28318853833257
80.24888888888889 90.12444444444445 98.28318853833257
86.83259259259258 93.4162962962963 98.28318853833257
91.2217283950617 95.61086419753086 98.28318853833257
94.14781893004113 97.07390946502056 98.28318853833257
96.09854595336076 98.04927297668037 98.28318853833257
97.39903063557385 98.69951531778692 98.28318853833257
98.26602042371591 99.13301021185795 98.28318853833257
98.84401361581062 99.4220068079053 98.28318853833257
99.22934241054043 99.61467120527021 98.28318853833257
99.48622827369361 99.74311413684681 98.28318853833257
99.65748551579573 99.82874275789787 98.28318853833257
99.77165701053048 99.88582850526524 98.28318853833257
99.84777134035365 99.92388567017683 98.28318853833257
99.89851422690242 99.94925711345121 98.28318853833257
99.93234281793495 99.96617140896747 98.28318853833257
99.95489521195664 99.97744760597833 98.28318853833257
99.96993014130442 99.98496507065221 98.28318853833257
99.97995342753627 99.98997671376814 98.28318853833257
99.98663561835751 99.99331780917875 98.28318853833257
99.99109041223835 99.99554520611917 98.28318853833257
99.99406027482557 99.99703013741278 98.28318853833257
99.99604018321706 99.99802009160852 98.28318853833257
99.99736012214471 99.99868006107236 98.28318853833257
99.9982400814298 99.9991200407149 98.28318853833257
99.9988267209532 99.9994133604766 98.28318853833257
99.99921781396881 99.9996089069844 98.28318853833257
33.339999999999996 66.67 99.14159426916628
55.56 77.78 99.14159426916628
70.37333333333333 85.18666666666667 99.14159426916628
80.24888888888889 90.12444444444445 99.14159426916628
86.83259259259258 93.4162962962963 99.14159426916628
91.2217283950617 95.61086419753086 99.14159426916628
94.14781893004113 97.07390946502056 99.14159426916628
96.09854595336076 98.04927297668037 99.14159426916628
97.39903063557385 98.69951531778692 99.14159426916628
98.26602042371591 99.13301021185795 99.14159426916628
98.84401361581062 99.4220068079053 99.14159426916628
99.22934241054043 99.61467120527021 99.14159426916628
99.48622827369361 99.74311413684681 99.14159426916628
99.65748551579573 99.82874275789787 99.14159426916628
99.77165701053048 99.88582850526524 99.14159426916628
99.84777134035365 99.92388567017683 99.14159426916628
99.89851422690242 99.94925711345121 99.14159426916628
99.93234281793495 99.96617140896747 99.14159426916628
99.95489521195664 99.97744760597833 99.14159426916628
99.96993014130442 99.98496507065221 99.14159426916628
99.97995342753627 99.98997671376814 99.14159426916628
99.98663561835751 99.99331780917875 99.14159426916628
99.99109041223835 99.99554520611917 99.14159426916628
99.99406027482557 99.99703013741278 99.14159426916628
99.99604018321706 99.99802009160852 99.14159426916628
99.99736012214471 99.99868006107236 99.14159426916628
99.9982400814298 99.9991200407149 99.14159426916628
99.9988267209532 99.9994133604766 99.14159426916628
99.99921781396881 99.9996089069844 99.14159426916628
98.85545902555505 99.42772951277753
33.339999999999996 66.67 98.85545902555505
55.56 77.78 98.85545902555505
70.37333333333333 85.18666666666667 98.85545902555505
80.24888888888889 90.12444444444445 98.85545902555505
86.83259259259258 93.4162962962963 98.85545902555505
91.2217283950617 95.61086419753086 98.85545902555505
94.14781893004113 97.07390946502056 98.85545902555505
96.09854595336076 98.04927297668037 98.85545902555505
97.39903063557385 98.69951531778692 98.85545902555505
98.26602042371591 99.13301021185795 98.85545902555505
98.84401361581062 99.4220068079053 98.85545902555505
99.22934241054043 99.61467120527021 98.85545902555505
99.48622827369361 99.74311413684681 98.85545902555505
99.65748551579573 99.82874275789787 98.85545902555505
99.77165701053048 99.88582850526524 98.85545902555505
99.84777134035365 99.92388567017683 98.85545902555505
99.89851422690242 99.94925711345121 98.85545902555505
99.93234281793495 99.96617140896747 98.85545902555505
99.95489521195664 99.97744760597833 98.85545902555505
99.96993014130442 99.98496507065221 98.85545902555505
99.97995342753627 99.98997671376814 98.85545902555505
99.98663561835751 99.99331780917875 98.85545902555505
99.99109041223835 99.99554520611917 98.85545902555505
99.99406027482557 99.99703013741278 98.85545902555505
99.99604018321706 99.99802009160852 98.85545902555505
99.99736012214471 99.99868006107236 98.85545902555505
99.9982400814298 99.9991200407149 98.85545902555505
99.9988267209532 99.9994133604766 98.85545902555505
99.99921781396881 99.9996089069844 98.85545902555505
33.339999999999996 66.67 99.42772951277753
55.56 77.78 99.42772951277753
70.37333333333333 85.18666666666667 99.42772951277753
80.24888888888889 90.12444444444445 99.42772951277753
86.83259259259258 93.4162962962963 99.42772951277753
91.2217283950617 95.61086419753086 99.42772951277753
94.14781893004113 97.07390946502056 99.42772951277753
96.09854595336076 98.04927297668037 99.42772951277753
97.39903063557385 98.69951531778692 99.42772951277753
98.26602042371591 99.13301021185795 99.42772951277753
98.84401361581062 99.4220068079053 99.42772951277753
99.22934241054043 99.61467120527021 99.42772951277753
99.48622827369361 99.74311413684681 99.42772951277753
99.65748551579573 99.82874275789787 99.42772951277753
99.77165701053048 99.88582850526524 99.42772951277753
99.84777134035365 99.92388567017683 99.42772951277753
99.89851422690242 99.94925711345121 99.42772951277753
99.93234281793495 99.96617140896747 99.42772951277753
99.95489521195664 99.97744760597833 99.42772951277753
99.96993014130442 99.98496507065221 99.42772951277753
99.97995342753627 99.98997671376814 99.42772951277753
99.98663561835751 99.99331780917875 99.42772951277753
99.99109041223835 99.99554520611917 99.42772951277753
99.99406027482557 99.99703013741278 99.42772951277753
99.99604018321706 99.99802009160852 99.42772951277753
99.99736012214471 99.99868006107236 99.42772951277753
99.9982400814298 99.9991200407149 99.42772951277753
99.9988267209532 99.9994133604766 99.42772951277753
99.99921781396881 99.9996089069844 99.42772951277753
99.23697268370336 99.61848634185168
33.339999999999996 66.67 99.23697268370336
55.56 77.78 99.23697268370336
70.37333333333333 85.18666666666667 99.23697268370336
80.24888888888889 90.12444444444445 99.23697268370336
86.83259259259258 93.4162962962963 99.23697268370336
91.2217283950617 95.61086419753086 99.23697268370336
94.14781893004113 97.07390946502056 99.23697268370336
96.09854595336076 98.04927297668037 99.23697268370336
97.39903063557385 98.69951531778692 99.23697268370336
98.26602042371591 99.13301021185795 99.23697268370336
98.84401361581062 99.4220068079053 99.23697268370336
99.22934241054043 99.61467120527021 99.23697268370336
99.48622827369361 99.74311413684681 99.23697268370336
99.65748551579573 99.82874275789787 99.23697268370336
99.77165701053048 99.88582850526524 99.23697268370336
99.84777134035365 99.92388567017683 99.23697268370336
99.89851422690242 99.94925711345121 99.23697268370336
99.93234281793495 99.96617140896747 99.23697268370336
99.95489521195664 99.97744760597833 99.23697268370336
99.96993014130442 99.98496507065221 99.23697268370336
99.97995342753627 99.98997671376814 99.23697268370336
99.98663561835751 99.99331780917875 99.23697268370336
99.99109041223835 99.99554520611917 99.23697268370336
99.99406027482557 99.99703013741278 99.23697268370336
99.99604018321706 99.99802009160852 99.23697268370336
99.99736012214471 99.99868006107236 99.23697268370336
99.9982400814298 99.9991200407149 99.23697268370336
99.9988267209532 99.9994133604766 99.23697268370336
99.99921781396881 99.9996089069844 99.23697268370336
33.339999999999996 66.67 99.61848634185168
55.56 77.78 99.61848634185168
70.37333333333333 85.18666666666667 99.61848634185168
80.24888888888889 90.12444444444445 99.61848634185168
86.83259259259258 93.4162962962963 99.61848634185168
91.2217283950617 95.61086419753086 99.61848634185168
94.14781893004113 97.07390946502056 99.61848634185168
96.09854595336076 98.04927297668037 99.61848634185168
97.39903063557385 98.69951531778692 99.61848634185168
98.26602042371591 99.13301021185795 99.61848634185168
98.84401361581062 99.4220068079053 99.61848634185168
99.22934241054043 99.61467120527021 99.61848634185168
99.48622827369361 99.74311413684681 99.61848634185168
99.65748551579573 99.82874275789787 99.61848634185168
99.77165701053048 99.88582850526524 99.61848634185168
99.84777134035365 99.92388567017683 99.61848634185168
99.89851422690242 99.94925711345121 99.61848634185168
99.93234281793495 99.96617140896747 99.61848634185168
99.95489521195664 99.97744760597833 99.61848634185168
99.96993014130442 99.98496507065221 99.61848634185168
99.97995342753627 99.98997671376814 99.61848634185168
99.98663561835751 99.99331780917875 99.61848634185168
99.99109041223835 99.99554520611917 99.61848634185168
99.99406027482557 99.99703013741278 99.61848634185168
99.99604018321706 99.99802009160852 99.61848634185168
99.99736012214471 99.99868006107236 99.61848634185168
99.9982400814298 99.9991200407149 99.61848634185168
99.9988267209532 99.9994133604766 99.61848634185168
99.99921781396881 99.9996089069844 99.61848634185168
99.4913151224689 99.74565756123445
33.339999999999996 66.67 99.4913151224689
55.56 77.78 99.4913151224689
70.37333333333333 85.18666666666667 99.4913151224689
80.24888888888889 90.12444444444445 99.4913151224689
86.83259259259258 93.4162962962963 99.4913151224689
91.2217283950617 95.61086419753086 99.4913151224689
94.14781893004113 97.07390946502056 99.4913151224689
96.09854595336076 98.04927297668037 99.4913151224689
97.39903063557385 98.69951531778692 99.4913151224689
98.26602042371591 99.13301021185795 99.4913151224689
98.84401361581062 99.4220068079053 99.4913151224689
99.22934241054043 99.61467120527021 99.4913151224689
99.48622827369361 99.74311413684681 99.4913151224689
99.65748551579573 99.82874275789787 99.4913151224689
99.77165701053048 99.88582850526524 99.4913151224689
99.84777134035365 99.92388567017683 99.4913151224689
99.89851422690242 99.94925711345121 99.4913151224689
99.93234281793495 99.96617140896747 99.4913151224689
99.95489521195664 99.97744760597833 99.4913151224689
99.96993014130442 99.98496507065221 99.4913151224689
99.97995342753627 99.98997671376814 99.4913151224689
99.98663561835751 99.99331780917875 99.4913151224689
99.99109041223835 99.99554520611917 99.4913151224689
99.99406027482557 99.99703013741278 99.4913151224689
99.99604018321706 99.99802009160852 99.4913151224689
99.99736012214471 99.99868006107236 99.4913151224689
99.9982400814298 99.9991200407149 99.4913151224689
99.9988267209532 99.9994133604766 99.4913151224689
99.99921781396881 99.9996089069844 99.4913151224689
33.339999999999996 66.67 99.74565756123445
55.56 77.78 99.74565756123445
70.37333333333333 85.18666666666667 99.74565756123445
80.24888888888889 90.12444444444445 99.74565756123445
86.83259259259258 93.4162962962963 99.74565756123445
91.2217283950617 95.61086419753086 99.74565756123445
94.14781893004113 97.07390946502056 99.74565756123445
96.09854595336076 98.04927297668037 99.74565756123445
97.39903063557385 98.69951531778692 99.74565756123445
98.26602042371591 99.13301021185795 99.74565756123445
98.84401361581062 99.4220068079053 99.74565756123445
99.22934241054043 99.61467120527021 99.74565756123445
99.48622827369361 99.74311413684681 99.74565756123445
99.65748551579573 99.82874275789787 99.74565756123445
99.77165701053048 99.88582850526524 99.74565756123445
99.84777134035365 99.92388567017683 99.74565756123445
99.89851422690242 99.94925711345121 99.74565756123445
99.93234281793495 99.96617140896747 99.74565756123445
99.95489521195664 99.97744760597833 99.74565756123445
99.96993014130442 99.98496507065221 99.74565756123445
99.97995342753627 99.98997671376814 99.74565756123445
99.98663561835751 99.99331780917875 99.74565756123445
99.99109041223835 99.99554520611917 99.74565756123445
99.99406027482557 99.99703013741278 99.74565756123445
99.99604018321706 99.99802009160852 99.74565756123445
99.99736012214471 99.99868006107236 99.74565756123445
99.9982400814298 99.9991200407149 99.74565756123445
99.9988267209532 99.9994133604766 99.74565756123445
99.99921781396881 99.9996089069844 99.74565756123445
99.6608767483126 99.8304383741563
33.339999999999996 66.67 99.6608767483126
55.56 77.78 99.6608767483126
70.37333333333333 85.18666666666667 99.6608767483126
80.24888888888889 90.12444444444445 99.6608767483126
86.83259259259258 93.4162962962963 99.6608767483126
91.2217283950617 95.61086419753086 99.6608767483126
94.14781893004113 97.07390946502056 99.6608767483126
96.09854595336076 98.04927297668037 99.6608767483126
97.39903063557385 98.69951531778692 99.6608767483126
98.26602042371591 99.13301021185795 99.6608767483126
98.84401361581062 99.4220068079053 99.6608767483126
99.22934241054043 99.61467120527021 99.6608767483126
99.48622827369361 99.74311413684681 99.6608767483126
99.65748551579573 99.82874275789787 99.6608767483126
99.77165701053048 99.88582850526524 99.6608767483126
99.84777134035365 99.92388567017683 99.6608767483126
99.89851422690242 99.94925711345121 99.6608767483126
99.93234281793495 99.96617140896747 99.6608767483126
99.95489521195664 99.97744760597833 99.6608767483126
99.96993014130442 99.98496507065221 99.6608767483126
99.97995342753627 99.98997671376814 99.6608767483126
99.98663561835751 99.99331780917875 99.6608767483126
99.99109041223835 99.99554520611917 99.6608767483126
99.99406027482557 99.99703013741278 99.6608767483126
99.99604018321706 99.99802009160852 99.6608767483126
99.99736012214471 99.99868006107236 99.6608767483126
99.9982400814298 99.9991200407149 99.6608767483126
99.9988267209532 99.9994133604766 99.6608767483126
99.99921781396881 99.9996089069844 99.6608767483126
33.339999999999996 66.67 99.8304383741563
55.56 77.78 99.8304383741563
70.37333333333333 85.18666666666667 99.8304383741563
80.24888888888889 90.12444444444445 99.8304383741563
86.83259259259258 93.4162962962963 99.8304383741563
91.2217283950617 95.61086419753086 99.8304383741563
94.14781893004113 97.07390946502056 99.8304383741563
96.09854595336076 98.04927297668037 99.8304383741563
97.39903063557385 98.69951531778692 99.8304383741563
98.26602042371591 99.13301021185795 99.8304383741563
98.84401361581062 99.4220068079053 99.8304383741563
99.22934241054043 99.61467120527021 99.8304383741563
99.48622827369361 99.74311413684681 99.8304383741563
99.65748551579573 99.82874275789787 99.8304383741563
99.77165701053048 99.88582850526524 99.8304383741563
99.84777134035365 99.92388567017683 99.8304383741563
99.89851422690242 99.94925711345121 99.8304383741563
99.93234281793495 99.96617140896747 99.8304383741563
99.95489521195664 99.97744760597833 99.8304383741563
99.96993014130442 99.98496507065221 99.8304383741563
99.97995342753627 99.98997671376814 99.8304383741563
99.98663561835751 99.99331780917875 99.8304383741563
99.99109041223835 99.99554520611917 99.8304383741563
99.99406027482557 99.99703013741278 99.8304383741563
99.99604018321706 99.99802009160852 99.8304383741563
99.99736012214471 99.99868006107236 99.8304383741563
99.9982400814298 99.9991200407149 99.8304383741563
99.9988267209532 99.9994133604766 99.8304383741563
99.99921781396881 99.9996089069844 99.8304383741563
99.7739178322084 99.8869589161042
33.339999999999996 66.67 99.7739178322084
55.56 77.78 99.7739178322084
70.37333333333333 85.18666666666667 99.7739178322084
80.24888888888889 90.12444444444445 99.7739178322084
86.83259259259258 93.4162962962963 99.7739178322084
91.2217283950617 95.61086419753086 99.7739178322084
94.14781893004113 97.07390946502056 99.7739178322084
96.09854595336076 98.04927297668037 99.7739178322084
97.39903063557385 98.69951531778692 99.7739178322084
98.26602042371591 99.13301021185795 99.7739178322084
98.84401361581062 99.4220068079053 99.7739178322084
99.22934241054043 99.61467120527021 99.7739178322084
99.48622827369361 99.74311413684681 99.7739178322084
99.65748551579573 99.82874275789787 99.7739178322084
99.77165701053048 99.88582850526524 99.7739178322084
99.84777134035365 99.92388567017683 99.7739178322084
99.89851422690242 99.94925711345121 99.7739178322084
99.93234281793495 99.96617140896747 99.7739178322084
99.95489521195664 99.97744760597833 99.7739178322084
99.96993014130442 99.98496507065221 99.7739178322084
99.97995342753627 99.98997671376814 99.7739178322084
99.98663561835751 99.99331780917875 99.7739178322084
99.99109041223835 99.99554520611917 99.7739178322084
99.99406027482557 99.99703013741278 99.7739178322084
99.99604018321706 99.99802009160852 99.7739178322084
99.99736012214471 99.99868006107236 99.7739178322084
99.9982400814298 99.9991200407149 99.7739178322084
99.9988267209532 99.9994133604766 99.7739178322084
99.99921781396881 99.9996089069844 99.7739178322084
33.339999999999996 66.67 99.8869589161042
55.56 77.78 99.8869589161042
70.37333333333333 85.18666666666667 99.8869589161042
80.24888888888889 90.12444444444445 99.8869589161042
86.83259259259258 93.4162962962963 99.8869589161042
91.2217283950617 95.61086419753086 99.8869589161042
94.14781893004113 97.07390946502056 99.8869589161042
96.09854595336076 98.04927297668037 99.8869589161042
97.39903063557385 98.69951531778692 99.8869589161042
98.26602042371591 99.13301021185795 99.8869589161042
98.84401361581062 99.4220068079053 99.8869589161042
99.22934241054043 99.61467120527021 99.8869589161042
99.48622827369361 99.74311413684681 99.8869589161042
99.65748551579573 99.82874275789787 99.8869589161042
99.77165701053048 99.88582850526524 99.8869589161042
99.84777134035365 99.92388567017683 99.8869589161042
99.89851422690242 99.94925711345121 99.8869589161042
99.93234281793495 99.96617140896747 99.8869589161042
99.95489521195664 99.97744760597833 99.8869589161042
99.96993014130442 99.98496507065221 99.8869589161042
99.97995342753627 99.98997671376814 99.8869589161042
99.98663561835751 99.99331780917875 99.8869589161042
99.99109041223835 99.99554520611917 99.8869589161042
99.99406027482557 99.99703013741278 99.8869589161042
99.99604018321706 99.99802009160852 99.8869589161042
99.99736012214471 99.99868006107236 99.8869589161042
99.9982400814298 99.9991200407149 99.8869589161042
99.9988267209532 99.9994133604766 99.8869589161042
99.99921781396881 99.9996089069844 99.8869589161042
99.8492785548056 99.92463927740279
33.339999999999996 66.67 99.8492785548056
55.56 77.78 99.8492785548056
70.37333333333333 85.18666666666667 99.8492785548056
80.24888888888889 90.12444444444445 99.8492785548056
86.83259259259258 93.4162962962963 99.8492785548056
91.2217283950617 95.61086419753086 99.8492785548056
94.14781893004113 97.07390946502056 99.8492785548056
96.09854595336076 98.04927297668037 99.8492785548056
97.39903063557385 98.69951531778692 99.8492785548056
98.26602042371591 99.13301021185795 99.8492785548056
98.84401361581062 99.4220068079053 99.8492785548056
99.22934241054043 99.61467120527021 99.8492785548056
99.48622827369361 99.74311413684681 99.8492785548056
99.65748551579573 99.82874275789787 99.8492785548056
99.77165701053048 99.88582850526524 99.8492785548056
99.84777134035365 99.92388567017683 99.8492785548056
99.89851422690242 99.94925711345121 99.8492785548056
99.93234281793495 99.96617140896747 99.8492785548056
99.95489521195664 99.97744760597833 99.8492785548056
99.96993014130442 99.98496507065221 99.8492785548056
99.97995342753627 99.98997671376814 99.8492785548056
99.98663561835751 99.99331780917875 99.8492785548056
99.99109041223835 99.99554520611917 99.8492785548056
99.99406027482557 99.99703013741278 99.8492785548056
99.99604018321706 99.99802009160852 99.8492785548056
99.99736012214471 99.99868006107236 99.8492785548056
99.9982400814298 99.9991200407149 99.8492785548056
99.9988267209532 99.9994133604766 99.8492785548056
99.99921781396881 99.9996089069844 99.8492785548056
33.339999999999996 66.67 99.92463927740279
55.56 77.78 99.92463927740279
70.37333333333333 85.18666666666667 99.92463927740279
80.24888888888889 90.12444444444445 99.92463927740279
86.83259259259258 93.4162962962963 99.92463927740279
91.2217283950617 95.61086419753086 99.92463927740279
94.14781893004113 97.07390946502056 99.92463927740279
96.09854595336076 98.04927297668037 99.92463927740279
97.39903063557385 98.69951531778692 99.92463927740279
98.26602042371591 99.13301021185795 99.92463927740279
98.84401361581062 99.4220068079053 99.92463927740279
99.22934241054043 99.61467120527021 99.92463927740279
99.48622827369361 99.74311413684681 99.92463927740279
99.65748551579573 99.82874275789787 99.92463927740279
99.77165701053048 99.88582850526524 99.92463927740279
99.84777134035365 99.92388567017683 99.92463927740279
99.89851422690242 99.94925711345121 99.92463927740279
99.93234281793495 99.96617140896747 99.92463927740279
99.95489521195664 99.97744760597833 99.92463927740279
99.96993014130442 99.98496507065221 99.92463927740279
99.97995342753627 99.98997671376814 99.92463927740279
99.98663561835751 99.99331780917875 99.92463927740279
99.99109041223835 99.99554520611917 99.92463927740279
99.99406027482557 99.99703013741278 99.92463927740279
99.99604018321706 99.99802009160852 99.92463927740279
99.99736012214471 99.99868006107236 99.92463927740279
99.9982400814298 99.9991200407149 99.92463927740279
99.9988267209532 99.9994133604766 99.92463927740279
99.99921781396881 99.9996089069844 99.92463927740279
99.89951903653707 99.94975951826854
33.339999999999996 66.67 99.89951903653707
55.56 77.78 99.89951903653707
70.37333333333333 85.18666666666667 99.89951903653707
80.24888888888889 90.12444444444445 99.89951903653707
86.83259259259258 93.4162962962963 99.89951903653707
91.2217283950617 95.61086419753086 99.89951903653707
94.14781893004113 97.07390946502056 99.89951903653707
96.09854595336076 98.04927297668037 99.89951903653707
97.39903063557385 98.69951531778692 99.89951903653707
98.26602042371591 99.13301021185795 99.89951903653707
98.84401361581062 99.4220068079053 99.89951903653707
99.22934241054043 99.61467120527021 99.89951903653707
99.48622827369361 99.74311413684681 99.89951903653707
99.65748551579573 99.82874275789787 99.89951903653707
99.77165701053048 99.88582850526524 99.89951903653707
99.84777134035365 99.92388567017683 99.89951903653707
99.89851422690242 99.94925711345121 99.89951903653707
99.93234281793495 99.96617140896747 99.89951903653707
99.95489521195664 99.97744760597833 99.89951903653707
99.96993014130442 99.98496507065221 99.89951903653707
99.97995342753627 99.98997671376814 99.89951903653707
99.98663561835751 99.99331780917875 99.89951903653707
99.99109041223835 99.99554520611917 99.89951903653707
99.99406027482557 99.99703013741278 99.89951903653707
99.99604018321706 99.99802009160852 99.89951903653707
99.99736012214471 99.99868006107236 99.89951903653707
99.9982400814298 99.9991200407149 99.89951903653707
99.9988267209532 99.9994133604766 99.89951903653707
99.99921781396881 99.9996089069844 99.89951903653707
33.339999999999996 66.67 99.94975951826854
55.56 77.78 99.94975951826854
70.37333333333333 85.18666666666667 99.94975951826854
80.24888888888889 90.12444444444445 99.94975951826854
86.83259259259258 93.4162962962963 99.94975951826854
91.2217283950617 95.61086419753086 99.94975951826854
94.14781893004113 97.07390946502056 99.94975951826854
96.09854595336076 98.04927297668037 99.94975951826854
97.39903063557385 98.69951531778692 99.94975951826854
98.26602042371591 99.13301021185795 99.94975951826854
98.84401361581062 99.4220068079053 99.94975951826854
99.22934241054043 99.61467120527021 99.94975951826854
99.48622827369361 99.74311413684681 99.94975951826854
99.65748551579573 99.82874275789787 99.94975951826854
99.77165701053048 99.88582850526524 99.94975951826854
99.84777134035365 99.92388567017683 99.94975951826854
99.89851422690242 99.94925711345121 99.94975951826854
99.93234281793495 99.96617140896747 99.94975951826854
99.95489521195664 99.97744760597833 99.94975951826854
99.96993014130442 99.98496507065221 99.94975951826854
99.97995342753627 99.98997671376814 99.94975951826854
99.98663561835751 99.99331780917875 99.94975951826854
99.99109041223835 99.99554520611917 99.94975951826854
99.99406027482557 99.99703013741278 99.94975951826854
99.99604018321706 99.99802009160852 99.94975951826854
99.99736012214471 99.99868006107236 99.94975951826854
99.9982400814298 99.9991200407149 99.94975951826854
99.9988267209532 99.9994133604766 99.94975951826854
99.99921781396881 99.9996089069844 99.94975951826854
99.93301269102471 99.96650634551236
33.339999999999996 66.67 99.93301269102471
55.56 77.78 99.93301269102471
70.37333333333333 85.18666666666667 99.93301269102471
80.24888888888889 90.12444444444445 99.93301269102471
86.83259259259258 93.4162962962963 99.93301269102471
91.2217283950617 95.61086419753086 99.93301269102471
94.14781893004113 97.07390946502056 99.93301269102471
96.09854595336076 98.04927297668037 99.93301269102471
97.39903063557385 98.69951531778692 99.93301269102471
98.26602042371591 99.13301021185795 99.93301269102471
98.84401361581062 99.4220068079053 99.93301269102471
99.22934241054043 99.61467120527021 99.93301269102471
99.48622827369361 99.74311413684681 99.93301269102471
99.65748551579573 99.82874275789787 99.93301269102471
99.77165701053048 99.88582850526524 99.93301269102471
99.84777134035365 99.92388567017683 99.93301269102471
99.89851422690242 99.94925711345121 99.93301269102471
99.93234281793495 99.96617140896747 99.93301269102471
99.95489521195664 99.97744760597833 99.93301269102471
99.96993014130442 99.98496507065221 99.93301269102471
99.97995342753627 99.98997671376814 99.93301269102471
99.98663561835751 99.99331780917875 99.93301269102471
99.99109041223835 99.99554520611917 99.93301269102471
99.99406027482557 99.99703013741278 99.93301269102471
99.99604018321706 99.99802009160852 99.93301269102471
99.99736012214471 99.99868006107236 99.93301269102471
99.9982400814298 99.9991200407149 99.93301269102471
99.9988267209532 99.9994133604766 99.93301269102471
99.99921781396881 99.9996089069844 99.93301269102471
33.339999999999996 66.67 99.96650634551236
55.56 77.78 99.96650634551236
70.37333333333333 85.18666666666667 99.96650634551236
80.24888888888889 90.12444444444445 99.96650634551236
86.83259259259258 93.4162962962963 99.96650634551236
91.2217283950617 95.61086419753086 99.96650634551236
94.14781893004113 97.07390946502056 99.96650634551236
96.09854595336076 98.04927297668037 99.96650634551236
97.39903063557385 98.69951531778692 99.96650634551236
98.26602042371591 99.13301021185795 99.96650634551236
98.84401361581062 99.4220068079053 99.96650634551236
99.22934241054043 99.61467120527021 99.96650634551236
99.48622827369361 99.74311413684681 99.96650634551236
99.65748551579573 99.82874275789787 99.96650634551236
99.77165701053048 99.88582850526524 99.96650634551236
99.84777134035365 99.92388567017683 99.96650634551236
99.89851422690242 99.94925711345121 99.96650634551236
99.93234281793495 99.96617140896747 99.96650634551236
99.95489521195664 99.97744760597833 99.96650634551236
99.96993014130442 99.98496507065221 99.96650634551236
99.97995342753627 99.98997671376814 99.96650634551236
99.98663561835751 99.99331780917875 99.96650634551236
99.99109041223835 99.99554520611917 99.96650634551236
99.99406027482557 99.99703013741278 99.96650634551236
99.99604018321706 99.99802009160852 99.96650634551236
99.99736012214471 99.99868006107236 99.96650634551236
99.9982400814298 99.9991200407149 99.96650634551236
99.9988267209532 99.9994133604766 99.96650634551236
99.99921781396881 99.9996089069844 99.96650634551236
99.95534179401648 99.97767089700824
33.339999999999996 66.67 99.95534179401648
55.56 77.78 99.95534179401648
70.37333333333333 85.18666666666667 99.95534179401648
80.24888888888889 90.12444444444445 99.95534179401648
86.83259259259258 93.4162962962963 99.95534179401648
91.2217283950617 95.61086419753086 99.95534179401648
94.14781893004113 97.07390946502056 99.95534179401648
96.09854595336076 98.04927297668037 99.95534179401648
97.39903063557385 98.69951531778692 99.95534179401648
98.26602042371591 99.13301021185795 99.95534179401648
98.84401361581062 99.4220068079053 99.95534179401648
99.22934241054043 99.61467120527021 99.95534179401648
99.48622827369361 99.74311413684681 99.95534179401648
99.65748551579573 99.82874275789787 99.95534179401648
99.77165701053048 99.88582850526524 99.95534179401648
99.84777134035365 99.92388567017683 99.95534179401648
99.89851422690242 99.94925711345121 99.95534179401648
99.93234281793495 99.96617140896747 99.95534179401648
99.95489521195664 99.97744760597833 99.95534179401648
99.96993014130442 99.98496507065221 99.95534179401648
99.97995342753627 99.98997671376814 99.95534179401648
99.98663561835751 99.99331780917875 99.95534179401648
99.99109041223835 99.99554520611917 99.95534179401648
99.99406027482557 99.99703013741278 99.95534179401648
99.99604018321706 99.99802009160852 99.95534179401648
99.99736012214471 99.99868006107236 99.95534179401648
99.9982400814298 99.9991200407149 99.95534179401648
99.9988267209532 99.9994133604766 99.95534179401648
99.99921781396881 99.9996089069844 99.95534179401648
33.339999999999996 66.67 99.97767089700824
55.56 77.78 99.97767089700824
70.37333333333333 85.18666666666667 99.97767089700824
80.24888888888889 90.12444444444445 99.97767089700824
86.83259259259258 93.4162962962963 99.97767089700824
91.2217283950617 95.61086419753086 99.97767089700824
94.14781893004113 97.07390946502056 99.97767089700824
96.09854595336076 98.04927297668037 99.97767089700824
97.39903063557385 98.69951531778692 99.97767089700824
98.26602042371591 99.13301021185795 99.97767089700824
98.84401361581062 99.4220068079053 99.97767089700824
99.22934241054043 99.61467120527021 99.97767089700824
99.48622827369361 99.74311413684681 99.97767089700824
99.65748551579573 99.82874275789787 99.97767089700824
99.77165701053048 99.88582850526524 99.97767089700824
99.84777134035365 99.92388567017683 99.97767089700824
99.89851422690242 99.94925711345121 99.97767089700824
99.93234281793495 99.96617140896747 99.97767089700824
99.95489521195664 99.97744760597833 99.97767089700824
99.96993014130442 99.98496507065221 99.97767089700824
99.97995342753627 99.98997671376814 99.97767089700824
99.98663561835751 99.99331780917875 99.97767089700824
99.99109041223835 99.99554520611917 99.97767089700824
99.99406027482557 99.99703013741278 99.97767089700824
99.99604018321706 99.99802009160852 99.97767089700824
99.99736012214471 99.99868006107236 99.97767089700824
99.9982400814298 99.9991200407149 99.97767089700824
99.9988267209532 99.9994133604766 99.97767089700824
99.99921781396881 99.9996089069844 99.97767089700824
99.97022786267765 99.98511393133883
33.339999999999996 66.67 99.97022786267765
55.56 77.78 99.97022786267765
70.37333333333333 85.18666666666667 99.97022786267765
80.24888888888889 90.12444444444445 99.97022786267765
86.83259259259258 93.4162962962963 99.97022786267765
91.2217283950617 95.61086419753086 99.97022786267765
94.14781893004113 97.07390946502056 99.97022786267765
96.09854595336076 98.04927297668037 99.97022786267765
97.39903063557385 98.69951531778692 99.97022786267765
98.26602042371591 99.13301021185795 99.97022786267765
98.84401361581062 99.4220068079053 99.97022786267765
99.22934241054043 99.61467120527021 99.97022786267765
99.48622827369361 99.74311413684681 99.97022786267765
99.65748551579573 99.82874275789787 99.97022786267765
99.77165701053048 99.88582850526524 99.97022786267765
99.84777134035365 99.92388567017683 99.97022786267765
99.89851422690242 99.94925711345121 99.97022786267765
99.93234281793495 99.96617140896747 99.97022786267765
99.95489521195664 99.97744760597833 99.97022786267765
99.96993014130442 99.98496507065221 99.97022786267765
99.97995342753627 99.98997671376814 99.97022786267765
99.98663561835751 99.99331780917875 99.97022786267765
99.99109041223835 99.99554520611917 99.97022786267765
99.99406027482557 99.99703013741278 99.97022786267765
99.99604018321706 99.99802009160852 99.97022786267765
99.99736012214471 99.99868006107236 99.97022786267765
99.9982400814298 99.9991200407149 99.97022786267765
99.9988267209532 99.9994133604766 99.97022786267765
99.99921781396881 99.9996089069844 99.97022786267765
33.339999999999996 66.67 99.98511393133883
55.56 77.78 99.98511393133883
70.37333333333333 85.18666666666667 99.98511393133883
80.24888888888889 90.12444444444445 99.98511393133883
86.83259259259258 93.4162962962963 99.98511393133883
91.2217283950617 95.61086419753086 99.98511393133883
94.14781893004113 97.07390946502056 99.98511393133883
96.09854595336076 98.04927297668037 99.98511393133883
97.39903063557385 98.69951531778692 99.98511393133883
98.26602042371591 99.13301021185795 99.98511393133883
98.84401361581062 99.4220068079053 99.98511393133883
99.22934241054043 99.61467120527021 99.98511393133883
99.48622827369361 99.74311413684681 99.98511393133883
99.65748551579573 99.82874275789787 99.98511393133883
99.77165701053048 99.88582850526524 99.98511393133883
99.84777134035365 99.92388567017683 99.98511393133883
99.89851422690242 99.94925711345121 99.98511393133883
99.93234281793495 99.96617140896747 99.98511393133883
99.95489521195664 99.97744760597833 99.98511393133883
99.96993014130442 99.98496507065221 99.98511393133883
99.97995342753627 99.98997671376814 99.98511393133883
99.98663561835751 99.99331780917875 99.98511393133883
99.99109041223835 99.99554520611917 99.98511393133883
99.99406027482557 99.99703013741278 99.98511393133883
99.99604018321706 99.99802009160852 99.98511393133883
99.99736012214471 99.99868006107236 99.98511393133883
99.9982400814298 99.9991200407149 99.98511393133883
99.9988267209532 99.9994133604766 99.98511393133883
99.99921781396881 99.9996089069844 99.98511393133883
99.98015190845176 99.99007595422587
33.339999999999996 66.67 99.98015190845176
55.56 77.78 99.98015190845176
70.37333333333333 85.18666666666667 99.98015190845176
80.24888888888889 90.12444444444445 99.98015190845176
86.83259259259258 93.4162962962963 99.98015190845176
91.2217283950617 95.61086419753086 99.98015190845176
94.14781893004113 97.07390946502056 99.98015190845176
96.09854595336076 98.04927297668037 99.98015190845176
97.39903063557385 98.69951531778692 99.98015190845176
98.26602042371591 99.13301021185795 99.98015190845176
98.84401361581062 99.4220068079053 99.98015190845176
99.22934241054043 99.61467120527021 99.98015190845176
99.48622827369361 99.74311413684681 99.98015190845176
99.65748551579573 99.82874275789787 99.98015190845176
99.77165701053048 99.88582850526524 99.98015190845176
99.84777134035365 99.92388567017683 99.98015190845176
99.89851422690242 99.94925711345121 99.98015190845176
99.93234281793495 99.96617140896747 99.98015190845176
99.95489521195664 99.97744760597833 99.98015190845176
99.96993014130442 99.98496507065221 99.98015190845176
99.97995342753627 99.98997671376814 99.98015190845176
99.98663561835751 99.99331780917875 99.98015190845176
99.99109041223835 99.99554520611917 99.98015190845176
99.99406027482557 99.99703013741278 99.98015190845176
99.99604018321706 99.99802009160852 99.98015190845176
99.99736012214471 99.99868006107236 99.98015190845176
99.9982400814298 99.9991200407149 99.98015190845176
99.9988267209532 99.9994133604766 99.98015190845176
99.99921781396881 99.9996089069844 99.98015190845176
33.339999999999996 66.67 99.99007595422587
55.56 77.78 99.99007595422587
70.37333333333333 85.18666666666667 99.99007595422587
80.24888888888889 90.12444444444445 99.99007595422587
86.83259259259258 93.4162962962963 99.99007595422587
91.2217283950617 95.61086419753086 99.99007595422587
94.14781893004113 97.07390946502056 99.99007595422587
96.09854595336076 98.04927297668037 99.99007595422587
97.39903063557385 98.69951531778692 99.99007595422587
98.26602042371591 99.13301021185795 99.99007595422587
98.84401361581062 99.4220068079053 99.99007595422587
99.22934241054043 99.61467120527021 99.99007595422587
99.48622827369361 99.74311413684681 99.99007595422587
99.65748551579573 99.82874275789787 99.99007595422587
99.77165701053048 99.88582850526524 99.99007595422587
99.84777134035365 99.92388567017683 99.99007595422587
99.89851422690242 99.94925711345121 99.99007595422587
99.93234281793495 99.96617140896747 99.99007595422587
99.95489521195664 99.97744760597833 99.99007595422587
99.96993014130442 99.98496507065221 99.99007595422587
99.97995342753627 99.98997671376814 99.99007595422587
99.98663561835751 99.99331780917875 99.99007595422587
99.99109041223835 99.99554520611917 99.99007595422587
99.99406027482557 99.99703013741278 99.99007595422587
99.99604018321706 99.99802009160852 99.99007595422587
99.99736012214471 99.99868006107236 99.99007595422587
99.9982400814298 99.9991200407149 99.99007595422587
99.9988267209532 99.9994133604766 99.99007595422587
99.99921781396881 99.9996089069844 99.99007595422587
99.98676793896784 99.99338396948393
33.339999999999996 66.67 99.98676793896784
55.56 77.78 99.98676793896784
70.37333333333333 85.18666666666667 99.98676793896784
80.24888888888889 90.12444444444445 99.98676793896784
86.83259259259258 93.4162962962963 99.98676793896784
91.2217283950617 95.61086419753086 99.98676793896784
94.14781893004113 97.07390946502056 99.98676793896784
96.09854595336076 98.04927297668037 99.98676793896784
97.39903063557385 98.69951531778692 99.98676793896784
98.26602042371591 99.13301021185795 99.98676793896784
98.84401361581062 99.4220068079053 99.98676793896784
99.22934241054043 99.61467120527021 99.98676793896784
99.48622827369361 99.74311413684681 99.98676793896784
99.65748551579573 99.82874275789787 99.98676793896784
99.77165701053048 99.88582850526524 99.98676793896784
99.84777134035365 99.92388567017683 99.98676793896784
99.89851422690242 99.94925711345121 99.98676793896784
99.93234281793495 99.96617140896747 99.98676793896784
99.95489521195664 99.97744760597833 99.98676793896784
99.96993014130442 99.98496507065221 99.98676793896784
99.97995342753627 99.98997671376814 99.98676793896784
99.98663561835751 99.99331780917875 99.98676793896784
99.99109041223835 99.99554520611917 99.98676793896784
99.99406027482557 99.99703013741278 99.98676793896784
99.99604018321706 99.99802009160852 99.98676793896784
99.99736012214471 99.99868006107236 99.98676793896784
99.9982400814298 99.9991200407149 99.98676793896784
99.9988267209532 99.9994133604766 99.98676793896784
99.99921781396881 99.9996089069844 99.98676793896784
33.339999999999996 66.67 99.99338396948393
55.56 77.78 99.99338396948393
70.37333333333333 85.18666666666667 99.99338396948393
80.24888888888889 90.12444444444445 99.99338396948393
86.83259259259258 93.4162962962963 99.99338396948393
91.2217283950617 95.61086419753086 99.99338396948393
94.14781893004113 97.07390946502056 99.99338396948393
96.09854595336076 98.04927297668037 99.99338396948393
97.39903063557385 98.69951531778692 99.99338396948393
98.26602042371591 99.13301021185795 99.99338396948393
98.84401361581062 99.4220068079053 99.99338396948393
99.22934241054043 99.61467120527021 99.99338396948393
99.48622827369361 99.74311413684681 99.99338396948393
99.65748551579573 99.82874275789787 99.99338396948393
99.77165701053048 99.88582850526524 99.99338396948393
99.84777134035365 99.92388567017683 99.99338396948393
99.89851422690242 99.94925711345121 99.99338396948393
99.93234281793495 99.96617140896747 99.99338396948393
99.95489521195664 99.97744760597833 99.99338396948393
99.96993014130442 99.98496507065221 99.99338396948393
99.97995342753627 99.98997671376814 99.99338396948393
99.98663561835751 99.99331780917875 99.99338396948393
99.99109041223835 99.99554520611917 99.99338396948393
99.99406027482557 99.99703013741278 99.99338396948393
99.99604018321706 99.99802009160852 99.99338396948393
99.99736012214471 99.99868006107236 99.99338396948393
99.9982400814298 99.9991200407149 99.99338396948393
99.9988267209532 99.9994133604766 99.99338396948393
99.99921781396881 99.9996089069844 99.99338396948393
99.99117862597855 99.99558931298928
33.339999999999996 66.67 99.99117862597855
55.56 77.78 99.99117862597855
70.37333333333333 85.18666666666667 99.99117862597855
80.24888888888889 90.12444444444445 99.99117862597855
86.83259259259258 93.4162962962963 99.99117862597855
91.2217283950617 95.61086419753086 99.99117862597855
94.14781893004113 97.07390946502056 99.99117862597855
96.09854595336076 98.04927297668037 99.99117862597855
97.39903063557385 98.69951531778692 99.99117862597855
98.26602042371591 99.13301021185795 99.99117862597855
98.84401361581062 99.4220068079053 99.99117862597855
99.22934241054043 99.61467120527021 99.99117862597855
99.48622827369361 99.74311413684681 99.99117862597855
99.65748551579573 99.82874275789787 99.99117862597855
99.77165701053048 99.88582850526524 99.99117862597855
99.84777134035365 99.92388567017683 99.99117862597855
99.89851422690242 99.94925711345121 99.99117862597855
99.93234281793495 99.96617140896747 99.99117862597855
99.95489521195664 99.97744760597833 99.99117862597855
99.96993014130442 99.98496507065221 99.99117862597855
99.97995342753627 99.98997671376814 99.99117862597855
99.98663561835751 99.99331780917875 99.99117862597855
99.99109041223835 99.99554520611917 99.99117862597855
99.99406027482557 99.99703013741278 99.99117862597855
99.99604018321706 99.99802009160852 99.99117862597855
99.99736012214471 99.99868006107236 99.99117862597855
99.9982400814298 99.9991200407149 99.99117862597855
99.9988267209532 99.9994133604766 99.99117862597855
99.99921781396881 99.9996089069844 99.99117862597855
33.339999999999996 66.67 99.99558931298928
55.56 77.78 99.99558931298928
70.37333333333333 85.18666666666667 99.99558931298928
80.24888888888889 90.12444444444445 99.99558931298928
86.83259259259258 93.4162962962963 99.99558931298928
91.2217283950617 95.61086419753086 99.99558931298928
94.14781893004113 97.07390946502056 99.99558931298928
96.09854595336076 98.04927297668037 99.99558931298928
97.39903063557385 98.69951531778692 99.99558931298928
98.26602042371591 99.13301021185795 99.99558931298928
98.84401361581062 99.4220068079053 99.99558931298928
99.22934241054043 99.61467120527021 99.99558931298928
99.48622827369361 99.74311413684681 99.99558931298928
99.65748551579573 99.82874275789787 99.99558931298928
99.77165701053048 99.88582850526524 99.99558931298928
99.84777134035365 99.92388567017683 99.99558931298928
99.89851422690242 99.94925711345121 99.99558931298928
99.93234281793495 99.96617140896747 99.99558931298928
99.95489521195664 99.97744760597833 99.99558931298928
99.96993014130442 99.98496507065221 99.99558931298928
99.97995342753627 99.98997671376814 99.99558931298928
99.98663561835751 99.99331780917875 99.99558931298928
99.99109041223835 99.99554520611917 99.99558931298928
99.99406027482557 99.99703013741278 99.99558931298928
99.99604018321706 99.99802009160852 99.99558931298928
99.99736012214471 99.99868006107236 99.99558931298928
99.9982400814298 99.9991200407149 99.99558931298928
99.9988267209532 99.9994133604766 99.99558931298928
99.99921781396881 99.9996089069844 99.99558931298928
99.9941190839857 99.99705954199284
33.339999999999996 66.67 99.9941190839857
55.56 77.78 99.9941190839857
70.37333333333333 85.18666666666667 99.9941190839857
80.24888888888889 90.12444444444445 99.9941190839857
86.83259259259258 93.4162962962963 99.9941190839857
91.2217283950617 95.61086419753086 99.9941190839857
94.14781893004113 97.07390946502056 99.9941190839857
96.09854595336076 98.04927297668037 99.9941190839857
97.39903063557385 98.69951531778692 99.9941190839857
98.26602042371591 99.13301021185795 99.9941190839857
98.84401361581062 99.4220068079053 99.9941190839857
99.22934241054043 99.61467120527021 99.9941190839857
99.48622827369361 99.74311413684681 99.9941190839857
99.65748551579573 99.82874275789787 99.9941190839857
99.77165701053048 99.88582850526524 99.9941190839857
99.84777134035365 99.92388567017683 99.9941190839857
99.89851422690242 99.94925711345121 99.9941190839857
99.93234281793495 99.96617140896747 99.9941190839857
99.95489521195664 99.97744760597833 99.9941190839857
99.96993014130442 99.98496507065221 99.9941190839857
99.97995342753627 99.98997671376814 99.9941190839857
99.98663561835751 99.99331780917875 99.9941190839857
99.99109041223835 99.99554520611917 99.9941190839857
99.99406027482557 99.99703013741278 99.9941190839857
99.99604018321706 99.99802009160852 99.9941190839857
99.99736012214471 99.99868006107236 99.9941190839857
99.9982400814298 99.9991200407149 99.9941190839857
99.9988267209532 99.9994133604766 99.9941190839857
99.99921781396881 99.9996089069844 99.9941190839857
33.339999999999996 66.67 99.99705954199284
55.56 77.78 99.99705954199284
70.37333333333333 85.18666666666667 99.99705954199284
80.24888888888889 90.12444444444445 99.99705954199284
86.83259259259258 93.4162962962963 99.99705954199284
91.2217283950617 95.61086419753086 99.99705954199284
94.14781893004113 97.07390946502056 99.99705954199284
96.09854595336076 98.04927297668037 99.99705954199284
97.39903063557385 98.69951531778692 99.99705954199284
98.26602042371591 99.13301021185795 99.99705954199284
98.84401361581062 99.4220068079053 99.99705954199284
99.22934241054043 99.61467120527021 99.99705954199284
99.48622827369361 99.74311413684681 99.99705954199284
99.65748551579573 99.82874275789787 99.99705954199284
99.77165701053048 99.88582850526524 99.99705954199284
99.84777134035365 99.92388567017683 99.99705954199284
99.89851422690242 99.94925711345121 99.99705954199284
99.93234281793495 99.96617140896747 99.99705954199284
99.95489521195664 99.97744760597833 99.99705954199284
99.96993014130442 99.98496507065221 99.99705954199284
99.97995342753627 99.98997671376814 99.99705954199284
99.98663561835751 99.99331780917875 99.99705954199284
99.99109041223835 99.99554520611917 99.99705954199284
99.99406027482557 99.99703013741278 99.99705954199284
99.99604018321706 99.99802009160852 99.99705954199284
99.99736012214471 99.99868006107236 99.99705954199284
99.9982400814298 99.9991200407149 99.99705954199284
99.9988267209532 99.9994133604766 99.99705954199284
99.99921781396881 99.9996089069844 99.99705954199284
99.99607938932381 99.9980396946619
33.339999999999996 66.67 99.99607938932381
55.56 77.78 99.99607938932381
70.37333333333333 85.18666666666667 99.99607938932381
80.24888888888889 90.12444444444445 99.99607938932381
86.83259259259258 93.4162962962963 99.99607938932381
91.2217283950617 95.61086419753086 99.99607938932381
94.14781893004113 97.07390946502056 99.99607938932381
96.09854595336076 98.04927297668037 99.99607938932381
97.39903063557385 98.69951531778692 99.99607938932381
98.26602042371591 99.13301021185795 99.99607938932381
98.84401361581062 99.4220068079053 99.99607938932381
99.22934241054043 99.61467120527021 99.99607938932381
99.48622827369361 99.74311413684681 99.99607938932381
99.65748551579573 99.82874275789787 99.99607938932381
99.77165701053048 99.88582850526524 99.99607938932381
99.84777134035365 99.92388567017683 99.99607938932381
99.89851422690242 99.94925711345121 99.99607938932381
99.93234281793495 99.96617140896747 99.99607938932381
99.95489521195664 99.97744760597833 99.99607938932381
99.96993014130442 99.98496507065221 99.99607938932381
99.97995342753627 99.98997671376814 99.99607938932381
99.98663561835751 99.99331780917875 99.99607938932381
99.99109041223835 99.99554520611917 99.99607938932381
99.99406027482557 99.99703013741278 99.99607938932381
99.99604018321706 99.99802009160852 99.99607938932381
99.99736012214471 99.99868006107236 99.99607938932381
99.9982400814298 99.9991200407149 99.99607938932381
99.9988267209532 99.9994133604766 99.99607938932381
99.99921781396881 99.9996089069844 99.99607938932381
33.339999999999996 66.67 99.9980396946619
55.56 77.78 99.9980396946619
70.37333333333333 85.18666666666667 99.9980396946619
80.24888888888889 90.12444444444445 99.9980396946619
86.83259259259258 93.4162962962963 99.9980396946619
91.2217283950617 95.61086419753086 99.9980396946619
94.14781893004113 97.07390946502056 99.9980396946619
96.09854595336076 98.04927297668037 99.9980396946619
97.39903063557385 98.69951531778692 99.9980396946619
98.26602042371591 99.13301021185795 99.9980396946619
98.84401361581062 99.4220068079053 99.9980396946619
99.22934241054043 99.61467120527021 99.9980396946619
99.48622827369361 99.74311413684681 99.9980396946619
99.65748551579573 99.82874275789787 99.9980396946619
99.77165701053048 99.88582850526524 99.9980396946619
99.84777134035365 99.92388567017683 99.9980396946619
99.89851422690242 99.94925711345121 99.9980396946619
99.93234281793495 99.96617140896747 99.9980396946619
99.95489521195664 99.97744760597833 99.9980396946619
99.96993014130442 99.98496507065221 99.9980396946619
99.97995342753627 99.98997671376814 99.9980396946619
99.98663561835751 99.99331780917875 99.9980396946619
99.99109041223835 99.99554520611917 99.9980396946619
99.99406027482557 99.99703013741278 99.9980396946619
99.99604018321706 99.99802009160852 99.9980396946619
99.99736012214471 99.99868006107236 99.9980396946619
99.9982400814298 99.9991200407149 99.9980396946619
99.9988267209532 99.9994133604766 99.9980396946619
99.99921781396881 99.9996089069844 99.9980396946619
99.99738625954922 99.99869312977461
33.339999999999996 66.67 99.99738625954922
55.56 77.78 99.99738625954922
70.37333333333333 85.18666666666667 99.99738625954922
80.24888888888889 90.12444444444445 99.99738625954922
86.83259259259258 93.4162962962963 99.99738625954922
91.2217283950617 95.61086419753086 99.99738625954922
94.14781893004113 97.07390946502056 99.99738625954922
96.09854595336076 98.04927297668037 99.99738625954922
97.39903063557385 98.69951531778692 99.99738625954922
98.26602042371591 99.13301021185795 99.99738625954922
98.84401361581062 99.4220068079053 99.99738625954922
99.22934241054043 99.61467120527021 99.99738625954922
99.48622827369361 99.74311413684681 99.99738625954922
99.65748551579573 99.82874275789787 99.99738625954922
99.77165701053048 99.88582850526524 99.99738625954922
99.84777134035365 99.92388567017683 99.99738625954922
99.89851422690242 99.94925711345121 99.99738625954922
99.93234281793495 99.96617140896747 99.99738625954922
99.95489521195664 99.97744760597833 99.99738625954922
99.96993014130442 99.98496507065221 99.99738625954922
99.97995342753627 99.98997671376814 99.99738625954922
99.98663561835751 99.99331780917875 99.99738625954922
99.99109041223835 99.99554520611917 99.99738625954922
99.99406027482557 99.99703013741278 99.99738625954922
99.99604018321706 99.99802009160852 99.99738625954922
99.99736012214471 99.99868006107236 99.99738625954922
99.9982400814298 99.9991200407149 99.99738625954922
99.9988267209532 99.9994133604766 99.99738625954922
99.99921781396881 99.9996089069844 99.99738625954922
33.339999999999996 66.67 99.99869312977461
55.56 77.78 99.99869312977461
70.37333333333333 85.18666666666667 99.99869312977461
80.24888888888889 90.12444444444445 99.99869312977461
86.83259259259258 93.4162962962963 99.99869312977461
91.2217283950617 95.61086419753086 99.99869312977461
94.14781893004113 97.07390946502056 99.99869312977461
96.09854595336076 98.04927297668037 99.99869312977461
97.39903063557385 98.69951531778692 99.99869312977461
98.26602042371591 99.13301021185795 99.99869312977461
98.84401361581062 99.4220068079053 99.99869312977461
99.22934241054043 99.61467120527021 99.99869312977461
99.48622827369361 99.74311413684681 99.99869312977461
99.65748551579573 99.82874275789787 99.99869312977461
99.77165701053048 99.88582850526524 99.99869312977461
99.84777134035365 99.92388567017683 99.99869312977461
99.89851422690242 99.94925711345121 99.99869312977461
99.93234281793495 99.96617140896747 99.99869312977461
99.95489521195664 99.97744760597833 99.99869312977461
99.96993014130442 99.98496507065221 99.99869312977461
99.97995342753627 99.98997671376814 99.99869312977461
99.98663561835751 99.99331780917875 99.99869312977461
99.99109041223835 99.99554520611917 99.99869312977461
99.99406027482557 99.99703013741278 99.99869312977461
99.99604018321706 99.99802009160852 99.99869312977461
99.99736012214471 99.99868006107236 99.99869312977461
99.9982400814298 99.9991200407149 99.99869312977461
99.9988267209532 99.9994133604766 99.99869312977461
99.99921781396881 99.9996089069844 99.99869312977461
99.99825750636614 99.99912875318307
33.339999999999996 66.67 99.99825750636614
55.56 77.78 99.99825750636614
70.37333333333333 85.18666666666667 99.99825750636614
80.24888888888889 90.12444444444445 99.99825750636614
86.83259259259258 93.4162962962963 99.99825750636614
91.2217283950617 95.61086419753086 99.99825750636614
94.14781893004113 97.07390946502056 99.99825750636614
96.09854595336076 98.04927297668037 99.99825750636614
97.39903063557385 98.69951531778692 99.99825750636614
98.26602042371591 99.13301021185795 99.99825750636614
98.84401361581062 99.4220068079053 99.99825750636614
99.22934241054043 99.61467120527021 99.99825750636614
99.48622827369361 99.74311413684681 99.99825750636614
99.65748551579573 99.82874275789787 99.99825750636614
99.77165701053048 99.88582850526524 99.99825750636614
99.84777134035365 99.92388567017683 99.99825750636614
99.89851422690242 99.94925711345121 99.99825750636614
99.93234281793495 99.96617140896747 99.99825750636614
99.95489521195664 99.97744760597833 99.99825750636614
99.96993014130442 99.98496507065221 99.99825750636614
99.97995342753627 99.98997671376814 99.99825750636614
99.98663561835751 99.99331780917875 99.99825750636614
99.99109041223835 99.99554520611917 99.99825750636614
99.99406027482557 99.99703013741278 99.99825750636614
99.99604018321706 99.99802009160852 99.99825750636614
99.99736012214471 99.99868006107236 99.99825750636614
99.9982400814298 99.9991200407149 99.99825750636614
99.9988267209532 99.9994133604766 99.99825750636614
99.99921781396881 99.9996089069844 99.99825750636614
33.339999999999996 66.67 99.99912875318307
55.56 77.78 99.99912875318307
70.37333333333333 85.18666666666667 99.99912875318307
80.24888888888889 90.12444444444445 99.99912875318307
86.83259259259258 93.4162962962963 99.99912875318307
91.2217283950617 95.61086419753086 99.99912875318307
94.14781893004113 97.07390946502056 99.99912875318307
96.09854595336076 98.04927297668037 99.99912875318307
97.39903063557385 98.69951531778692 99.99912875318307
98.26602042371591 99.13301021185795 99.99912875318307
98.84401361581062 99.4220068079053 99.99912875318307
99.22934241054043 99.61467120527021 99.99912875318307
99.48622827369361 99.74311413684681 99.99912875318307
99.65748551579573 99.82874275789787 99.99912875318307
99.77165701053048 99.88582850526524 99.99912875318307
99.84777134035365 99.92388567017683 99.99912875318307
99.89851422690242 99.94925711345121 99.99912875318307
99.93234281793495 99.96617140896747 99.99912875318307
99.95489521195664 99.97744760597833 99.99912875318307
99.96993014130442 99.98496507065221 99.99912875318307
99.97995342753627 99.98997671376814 99.99912875318307
99.98663561835751 99.99331780917875 99.99912875318307
99.99109041223835 99.99554520611917 99.99912875318307
99.99406027482557 99.99703013741278 99.99912875318307
99.99604018321706 99.99802009160852 99.99912875318307
99.99736012214471 99.99868006107236 99.99912875318307
99.9982400814298 99.9991200407149 99.99912875318307
99.9988267209532 99.9994133604766 99.99912875318307
99.99921781396881 99.9996089069844 99.99912875318307
99.99883833757742 99.99941916878872
33.339999999999996 66.67 99.99883833757742
55.56 77.78 99.99883833757742
70.37333333333333 85.18666666666667 99.99883833757742
80.24888888888889 90.12444444444445 99.99883833757742
86.83259259259258 93.4162962962963 99.99883833757742
91.2217283950617 95.61086419753086 99.99883833757742
94.14781893004113 97.07390946502056 99.99883833757742
96.09854595336076 98.04927297668037 99.99883833757742
97.39903063557385 98.69951531778692 99.99883833757742
98.26602042371591 99.13301021185795 99.99883833757742
98.84401361581062 99.4220068079053 99.99883833757742
99.22934241054043 99.61467120527021 99.99883833757742
99.48622827369361 99.74311413684681 99.99883833757742
99.65748551579573 99.82874275789787 99.99883833757742
99.77165701053048 99.88582850526524 99.99883833757742
99.84777134035365 99.92388567017683 99.99883833757742
99.89851422690242 99.94925711345121 99.99883833757742
99.93234281793495 99.96617140896747 99.99883833757742
99.95489521195664 99.97744760597833 99.99883833757742
99.96993014130442 99.98496507065221 99.99883833757742
99.97995342753627 99.98997671376814 99.99883833757742
99.98663561835751 99.99331780917875 99.99883833757742
99.99109041223835 99.99554520611917 99.99883833757742
99.99406027482557 99.99703013741278 99.99883833757742
99.99604018321706 99.99802009160852 99.99883833757742
99.99736012214471 99.99868006107236 99.99883833757742
99.9982400814298 99.9991200407149 99.99883833757742
99.9988267209532 99.9994133604766 99.99883833757742
99.99921781396881 99.9996089069844 99.99883833757742
33.339999999999996 66.67 99.99941916878872
55.56 77.78 99.99941916878872
70.37333333333333 85.18666666666667 99.99941916878872
80.24888888888889 90.12444444444445 99.99941916878872
86.83259259259258 93.4162962962963 99.99941916878872
91.2217283950617 95.61086419753086 99.99941916878872
94.14781893004113 97.07390946502056 99.99941916878872
96.09854595336076 98.04927297668037 99.99941916878872
97.39903063557385 98.69951531778692 99.99941916878872
98.26602042371591 99.13301021185795 99.99941916878872
98.84401361581062 99.4220068079053 99.99941916878872
99.22934241054043 99.61467120527021 99.99941916878872
99.48622827369361 99.74311413684681 99.99941916878872
99.65748551579573 99.82874275789787 99.99941916878872
99.77165701053048 99.88582850526524 99.99941916878872
99.84777134035365 99.92388567017683 99.99941916878872
99.89851422690242 99.94925711345121 99.99941916878872
99.93234281793495 99.96617140896747 99.99941916878872
99.95489521195664 99.97744760597833 99.99941916878872
99.96993014130442 99.98496507065221 99.99941916878872
99.97995342753627 99.98997671376814 99.99941916878872
99.98663561835751 99.99331780917875 99.99941916878872
99.99109041223835 99.99554520611917 99.99941916878872
99.99406027482557 99.99703013741278 99.99941916878872
99.99604018321706 99.99802009160852 99.99941916878872
99.99736012214471 99.99868006107236 99.99941916878872
99.9982400814298 99.9991200407149 99.99941916878872
99.9988267209532 99.9994133604766 99.99941916878872
99.99921781396881 99.9996089069844 99.99941916878872
99.99922555838494 99.99961277919247
33.339999999999996 66.67 99.99922555838494
55.56 77.78 99.99922555838494
70.37333333333333 85.18666666666667 99.99922555838494
80.24888888888889 90.12444444444445 99.99922555838494
86.83259259259258 93.4162962962963 99.99922555838494
91.2217283950617 95.61086419753086 99.99922555838494
94.14781893004113 97.07390946502056 99.99922555838494
96.09854595336076 98.04927297668037 99.99922555838494
97.39903063557385 98.69951531778692 99.99922555838494
98.26602042371591 99.13301021185795 99.99922555838494
98.84401361581062 99.4220068079053 99.99922555838494
99.22934241054043 99.61467120527021 99.99922555838494
99.48622827369361 99.74311413684681 99.99922555838494
99.65748551579573 99.82874275789787 99.99922555838494
99.77165701053048 99.88582850526524 99.99922555838494
99.84777134035365 99.92388567017683 99.99922555838494
99.89851422690242 99.94925711345121 99.99922555838494
99.93234281793495 99.96617140896747 99.99922555838494
99.95489521195664 99.97744760597833 99.99922555838494
99.96993014130442 99.98496507065221 99.99922555838494
99.97995342753627 99.98997671376814 99.99922555838494
99.98663561835751 99.99331780917875 99.99922555838494
99.99109041223835 99.99554520611917 99.99922555838494
99.99406027482557 99.99703013741278 99.99922555838494
99.99604018321706 99.99802009160852 99.99922555838494
99.99736012214471 99.99868006107236 99.99922555838494
99.9982400814298 99.9991200407149 99.99922555838494
99.9988267209532 99.9994133604766 99.99922555838494
99.99921781396881 99.9996089069844 99.99922555838494
33.339999999999996 66.67 99.99961277919247
55.56 77.78 99.99961277919247
70.37333333333333 85.18666666666667 99.99961277919247
80.24888888888889 90.12444444444445 99.99961277919247
86.83259259259258 93.4162962962963 99.99961277919247
91.2217283950617 95.61086419753086 99.99961277919247
94.14781893004113 97.07390946502056 99.99961277919247
96.09854595336076 98.04927297668037 99.99961277919247
97.39903063557385 98.69951531778692 99.99961277919247
98.26602042371591 99.13301021185795 99.99961277919247
98.84401361581062 99.4220068079053 99.99961277919247
99.22934241054043 99.61467120527021 99.99961277919247
99.48622827369361 99.74311413684681 99.99961277919247
99.65748551579573 99.82874275789787 99.99961277919247
99.77165701053048 99.88582850526524 99.99961277919247
99.84777134035365 99.92388567017683 99.99961277919247
99.89851422690242 99.94925711345121 99.99961277919247
99.93234281793495 99.96617140896747 99.99961277919247
99.95489521195664 99.97744760597833 99.99961277919247
99.96993014130442 99.98496507065221 99.99961277919247
99.97995342753627 99.98997671376814 99.99961277919247
99.98663561835751 99.99331780917875 99.99961277919247
99.99109041223835 99.99554520611917 99.99961277919247
99.99406027482557 99.99703013741278 99.99961277919247
99.99604018321706 99.99802009160852 99.99961277919247
99.99736012214471 99.99868006107236 99.99961277919247
99.9982400814298 99.9991200407149 99.99961277919247
99.9988267209532 99.9994133604766 99.99961277919247
99.99921781396881 99.9996089069844 99.99961277919247
99.99922555838494
